Serial No. of Polling Station,AMIYA PATRA,MAHADEB BAURI,SUBRATA MUKHERJ EE,DR.SUBHA S SARKAR,ANIMESH MAL,ANANDA KUMAR SAREN,GOUR CHANDRA (AKHAN) HEMBRAM,DR. TAN MAY MANDAL,PRABIR BANERJE E,SUKCH AND SAREN,SUBHASH SARKAR,ABDUL RAHIM MALLIK,BIBHUTI SARDAR,MILAN MANDI,SHYAMAL KUMAR PALIT,Total of Valid Votes,No. of Rejected Vote,NOTA,Total,Total No. of Tendered Votes
1,29,5,167,497,14,1,1,0,2,0,17,3,10,4,4,754,0,5,759,0
2,65,2,368,227,3,2,0,0,0,2,5,1,4,0,0,679,0,5,684,0
3,83,2,212,654,5,3,0,4,2,0,2,3,3,4,2,979,0,4,983,0
4,95,2,136,397,1,0,0,17,2,2,6,3,2,1,3,667,0,6,673,0
5,93,4,177,433,7,1,2,3,4,2,7,3,5,0,3,744,0,6,750,0
6,30,6,218,543,4,3,1,11,3,2,6,1,0,0,2,830,0,10,840,0
7,32,6,132,475,6,0,0,2,2,2,9,4,2,1,1,674,0,4,678,0
8,72,5,290,197,4,2,1,8,5,0,8,0,0,3,0,595,0,3,598,0
9,17,5,153,284,5,         >  ÃÂ·ÃÂ·      4,2,17,1,0,5,0,4,3,2,502,0,5,507,0
10,68,9,388,202,4,0,0,18,1,0,6,0,2,3,1,702,0,10,712,0
11,9,2,274,526,7,1,2,5,1,1,2,1,5,1,1,838,0,6,844,0
12,27,3,161,236,4,2,1,0,2,0,1,0,3,1,0,441,0,3,444,0
13,38,6,296,493,15,2,3,45,5,1,4,6,8,8,1,931,0,5,936,0
14,19,1,133,234,5,2,1,39,2,4,3,0,1,2,2,448,0,2,450,0
15,6,0,244,463,7,4,0,4,2,2,2,5,6,7,2,754,0,5,759,0
16,10,0,271,90,2,0,0,0,0,0,0,1,3,17,0,394,0,2,396,0
17,40,1,215,415,12,0,1,1,1,1,3,               .    4,1,4,5,         (.      704,0,6,710,0
18,51,4,248,388,2,0,0,0,0,3,13,1,7,5,1,723,0,5,728,0
19,7,0,229,247,1,1,0,1,0,1,1,0,0,2,0,490,0,0,490,0
20,200,5,372,328,4,3,2,4,3,2,43,3,12,9,3,993,0,17,1010,0
21,9,4,380,152,4,1,1,5,0,0,8,2,3,7,0,576,0,4,580,0
22,47,1,213,392,8,0,1,4,2,1,7,3,4,6,1,690,0,4,694,0
23,82,6,404,352,4,0,0,13,5,0,7,3,7,7,1,891,0,101,992,0
24,17,1,362,464,8,1,2,1,3,2,2,2,10,4,3,882,0,4,886,0
25,33,3,433,397,5,1,2,3,2,2,2,1,2,16,1,903,           .   0,9,912,1
26,46,4,313,347,1,1,0,4,3,3,2,2,3,4,1,734,0,12,746,           ?   0
27,22,3,210,386,8,1,2,1,5,3,9,5,4,5,2,666,0,7,673,0
28,10,1,163,271,1,0,0,0,0,0,2,0,1,7,0,456,0,2,458,0
29,15,2,291,603,6,1,0,5,5,6,7,4,7,13,7,972,0,14,986,0
30,47,8,719,22,3,1,1,3,0,0,4,2,6,17,1,834,0,9,843,0
31,18,4,290,626,6,2,2,0,2,2,8,7,11,7,3,988,0,10,998,0
32,21,5,376,598,6,0,                 .  1,1,6,2,3,3,6,8,5,1041,0,5,1046,0
33,16,1,185,413,7,1,1,0,1,1,6,6,6,5,3,652,0,10,662,0
34,9,1,148,465,3,1,0,1,2,1,4,0,3,2,0,640,0,3,643,0
35,7,"              ,   5",303,344,2,1,0,1,2,2,0,8,0,4,1,680,0,5,685,0
36,82,5,147,256,2,1,0,,2,1,9,1,6,4,3,519,0,5,524,0
37,26,3,112,238,2,0,0,1,0,1,9,2,1,1,3,399,0,4,403,0
38,10,2,194,333,1,1,0,1,0,0,2,3,3,3,0,553,0,3,556,0
39,57,2,361,394,2,1,0,1,0,0,8,1,0,6,2,835,0,6,841,0
40,7,4,203,247,3,2,1,,0,0,1,2,0,3,2,475,0,1,476,0
41,12,2,284,338,4,3,0,1,1,1,2,3,3,9,1,664,0,4,668,0
42,7,2,255,277,2,0,1,1,2,0,2,0,1,1,0,551,0,2,553,0
43,0,1,144,391,7,1,1,10,2,2,1,0,2,2,2,566,0,3,569,0
44,24,4,229,305,7,2,1,2,3,2,2,1,5,7,5,599,0,1,600,0
45,20,2,210,588,-5,1,1,2,6,3,6,5,10,13,5,877,0,5,882,0
46,30,3,348,520,6,1,0,0,5,0,4,2,9,4,1,933,0,5,938,0
47,18,3,213,312,0,1,2,1,0,1,2,1,3,4,3,564,0,4,568,0
48,17,0,133,321,2,1,0,1,1,1,1,0,1,0,0,479,0,1,480,0
49,5,1,205,243,1,1,0,3,0,1,3,0,1,3,0,467,0,3,470,0
50,11,3,117,266,2,1,1,1,1,2,2,0,2,2,2,413,0,1,414,0
51,2,5,187,364,3,1,0,1,2,0,3,0,4,3,1,576,0,5,581,0
52,4,0,116,139,2,0,0,1,0,0,0,0,1,0,0,263,0,1,264,0
53,9,2,280,329,2,1,0,0,2,1,1,0,5,1,1,634,0,4,638,0
54,24,2,177,475,3,0,1,8,2,4,3,1,7,3,2,712,0,6,718,0
55,119,2,194,439,7,2,0,2,3,3,20,5,5,7,3,811,0,10,821,0
56,53,5,230,232,1,0,0,8,0,2,7,3,3,2,0,546,0,5,551,0
57,80,4,437,296,4,3,0,5,2,1,14,2,5,7,2,862,0,7,869,0
58,48,3,137,507,6,1,0,1,1,2,4,1,9,7,2,729,0,10,739,0
59,39,5,170,396,3,0,0,2,0,1,8,1,4,3,4,636,0,9,645,0
60,31,7,382,362,2,5,1,12,1,0,3,6,6,6,5,829,0,8,837,0
61,5,2,374,149,3,0,2,13,1,0,3,0,3,6,1,562,0,3,565,0
62,78,5,202,382,3,2,1,3,3,1,10,4,8,9,7,718,0,7,725,0
63,124,3,298,352,3,0,2,4,0,1,17,3,3,7,2,819,0,6,825,0
64,24,4,233,511,8,0,1,8,3,3,11,2,7,5,2,822,0,7,829,0
65,15,2,227,505,4,0,0,2,5,1,12,2,7,10,3,795,0,5,800,0
66,19,0,194,298,0,2,2,3,2,0,2,4,4,3,0,533,0,8,541,0
67,18,2,509,73,1,0,0,15,2,0,0,0,1,4,0,625,0,8,633,0
         ~ 68,21,3,118,555,10,2,1,2,2,3,5,3,5,3,2,735,0,9,744,0
69,6,6,233,770,12,1,1,3,5,3,3,10,6,4,9,1072,0,10,1082,0
70,36,2,234,661,7,1,3,105,6,4,16,4,7,4,8,1098,0,16,1114,0
71,9,1,271,353,2,1,0,3,1,0,0,1,15,14,1,672,0,2,674,0
72,5,1,716,32,1,0,0,0,0,0,1,0,0,0,0,756,0,0,756,0
73,39,3,207,343,0,0,0,2,0,3,                 '1,0,2,2,3,605,0,5,610,0
74,46,5,232,268,1,1,1,0,1,1,3,1,3,6,1,570,0,2,572,0
75,77,9,384,468,3,4,4,3,1,0,15,1,9,19,4,1001,0,7,1008,0
76,33,7,285,644,15,3,4,10,4,0,11,8,11,9,3,1047,0,8,1055,0
77,30,2,522,292,4,3,1,30,3,4,6,2,4,6,4,913,0,5,918,0
78,45,3,200,334,4,2,1,0,2,1,10,4,2,4,4,616,0,6,622,0
79,62,2,133,461,2,1,0,3,2,2,7,2,6,1,2,686,0,13,699,0
80,67,5,323,465,7,3,1,12,8,2,18,4,4,7,3,929,0,7,936,0
81,25,3,184,465,4,1,0,2,2,4,4,4,11,4,1,714,0,7,721,0
82,36,6,250,259,3,1,1,3,2,0,3,0,1,3,1,569,0,1,570,0
83,40,6,127,335,4,2,0,9,4,0,7,2,1,3,5,545,0,2,547,0
84,54,6,180,464,8,4,4,52,4,6,81,4,13,17,4,901,0,24,925,0
85,73,4,228,566,8,2,0,32,4,4,38,10,13,18,4,1004,0,12,1016,0
86,48,0,301,632,13,3,3,9,4,3,7,4,9,6,4,1046,0,13,1059,0
87,26,4,159,421,5,         ''   '       1,3,49,1,6,10,4,3,4,0,696,0,5,701,0
88,31,2,360,601,5,1,0,2,1,1,0,0,0,1,2,1007,0,4,1011,0
89,12,3,206,440,7,1,2,61,5,2,6,2,11,3,2,763,0,8,771,0
90,26,2,455,500,6,4,0,35,1,5,3,0,5,2,1,1045,0,8,1053,0
91,56,5,215,632,5,0,1,1,3,2,2,3,11,7,3,946,0,9,955,0
92,28,4,193,415,3,0,1,45,0,0,2,4,11,2,2,710,0,1,711,0
93,42,2,206,417,2,3,0,1,2,2,6,3,15,3,1,705,0,3,708,0
94,87,5,174,548,7,0,0,4,6,1,5,4,17,10,2,870,0,14,884,0
95,27,3,157,375,8,1,0,3,2,2,2,1,12,3,0,596,0,6,602,0
96,37,4,371,557,5,2,0,3,2,0,2,3,6,9,2,1003,0,2,1005,0
97,10,6,351,322,7,2,1,               ?      1,2,1,9,0,2,4,0,718,0,6,724,0
98,55,1,642,283,6,2,0,3,1,3,13,5,7,17,3,1041,0,10,1051,0
99,66,4,318,589,11,2,1,5,0,1,11,5,19,4,6,1042,0,6,1048,0
100,18,3,220,309,0,0,0,1,0,0,1,1,5,3,1,562,0,3,565,0
101,17,1,138,296,0,2,0,2,3,0,1,2,2,0,0,464,0,6,470,0
102,98,6,287,632,6,0,3,4,2,2,4,3,18,8,0,1073,0,6,1079,0
103,27,5,236,390,5,2,0,19,2,1,1,4,7,5,1,705,0,3,708,0
104,6,3,507,35,1,0,2,0,0,3,2,0,1,4,1,565,0,3,568,0
105,20,2,630,13,2,2,0,2,4,1,6,0,1,14,1,898,0,1,699,0
106,43,8,629,258,4,5,0,1,2,2,6,10,9,30,7,1014,0,8,1022,0
107,180,11,796,34,6,5,1,0,0,0,6,1,6,7,3,1056,0,10,1066,0
108,18,4,129,578,8,4,5,21,3,2,5,9,12,3,2,803,0,10,813,0
109,40,4,127,603,6,2,2,21,5,2,22,4,12,5,5,860,0,18,878,0
110,29,7,275,587,8,3,2,27,5,1,5,6,6,10,3,974,0,11,985,0
111,28,2,171,476,2,4,1,2,0,1,5,7,11,3,3,716,0,3,719,0
112,42,1,282,120,1,2,1,3,1,1,14,0,2,4,1,475,0,4,479,0
113,40,5,226,386,4,                ?       4,1,5,1,1,39,1,10,6,3,732,0,10,742,0
114,31,0,99,302,2,1,0,3,1,1,1,2,17,5,0,465,0,2,467,0
115,40,4,347,432,11,5,2,3,6,,13,5,14,9,6,898,0,19,917,0
116,17,1,327,299,4,1,3,3,1,1,2,0,7,4,2,672,0,6,678,0
117,143,7,383,480,10,1,4,7,3,5,32,10,8,15,9,1117,0,17,1134,0
118,87,5,304,374,3,0,1,11,0,0,13,11,14,4,3,830,0,5,835,0
119,29,3,315,260,7,2,3,4,1,3,1,2,7,4,3,644,0,6,650,0
120,46,4,476,565,7,3,2,13,3,2,14,8,27,16,2,1188,0,16,1204,0
121,22,5,254,345,6,0,3,13,1,3,2,2,8,9,2,675,0,6,681,0
122,12,4,284,359,7,0,0,8,1,3,3,8,21,9,0,719,0,4,723,0
123,12,4,355,466,5,1,2,2,4,3,20,7,6,8,5,900,0,14,914,0
124,5,2,156,469,9,2,0,1,3,1,5,4,7,4,2,670,0,4,674,0
125,9,0,156,330,2,0,0,3,1,1,8,0,2,5,1,518,0,9,527,0
126,23,0,254,484,6,0,1,1,5,1,7,4,8,3,4,801,0,5,806,0
127,9,8,286,258,4,1,0,2,0,1,19,4,5,6,3,606,0,7,613,0
128,12,0,155,277,3,1,0,0,2,1,16,2,7,8,0,484,0,1,485,0
129,43,3,136,425,7,0,0,2,5,1,15,2,3,5,5,652,0,5,657,0
130,60,3,183,722,1,1,0,2,0,0,2,3,10,0,2,989,0,2,991,0
131,19,1,247,421,8,2,2,0,3,0,7,2,5,3,3,723,0,8,731,0
132,8,1,281,205,1,0,1,0,1,0,0,0,2,2,0,502,0,2,504,0
133,14,4,382,514,2,3,2,3,0,0,7,0,5,5,1,942,0,4,946,0
134,10,4,349,484,6,0,0,0,3,0,2,2,17,9,4,890,0,5,895,0
135,19,6,215,467,10,3,7,4,0,2,6,5,17,12,2,775,0,6,781,0
136,7,3,227,399,7,1,0,0,2,0,3,3,6,2,1,661,0,3,664,0
137,78,1,273,272,5,1,2,0,0,4,3,4,5,2,1,651,0,8,659,0
138,75,3,388,533,7,6,3,1,4,0,16,1,11,8,3,1059,0,6,1065,0
139,66,1,96,164,2,0,0,0,0,0,4,3,0,3,0,339,0,0,339,0
140,41,5,232,452,3,2,2,1,4,1,3,3,12,7,0,768,0,6,774,0
141,3,1,159,251,5,1,1,0,0,0,1,3,3,3,0,431,0,4,435,0
142,54,2,301,433,9,2,1,2,2,4,8,4,4,7,7,840,0,13,853,0
143,14,2,271,341,3,1,0,1,0,0,5,5,5,3,0,651,0,5,656,0
144,22,11,272,593,9,5,4,2,2,2,14,4,12,10,4,966,0,10,976,0
        .  145,38,4,378,480,13,1,0,1,4,2,7,2,10,7,3,950,0,7,957,0
146,10,1,311,300,4,0,0,0,0,0,0,1,10,2,1,640,0,21,661,0
147,12,1,271,371,2,2,2,1,1,1,19,1,12,6,3,705,0,3,708,0
148,33,2,278,301,7,1,0,0,2,1,47,1,11,6,0,690,0,3,693,0
149,42,3,477,441,7,3,2,1,3,0,33,4,12,10,1,1039,0,7,1046,0
150,42,4,236,244,6,0,0,1,0,1,8,0,6,4,1,553,0,3,556,0
151,14,1,202,271,6,1,1,1,1,1,6,1,1,1,2,510,0,1,511,0
152,18,1,268,323,1,0,0,0,0,0,9,1,2,0,0,623,0,1,624,0
153,16,3,178,331,2,1,0,2,1,1,2,0,7,5,0,549,0,5,554,0
154,79,6,154,427,1,0,0,4,2,3,1,3,6,4,0,690,0,9,699,0
155,49,3,149,373,3,2,0,4,1,3,3,2,2,2,2,598,0,15,613,0
156,61,4,247,505,11,1,1,2,2,0,8,8,13,10,4,877,0,18,895,0
157,132,5,40,512,7,1,1,3,2,0,13,4,13,4,3,740,0,15,755,0
158,36,1,97,360,6,4,1,2,                .   1,1,7,3,4,0,0,523,0,5,528,0
159,62,1,105,325,5,1,2,6,4,3,5,0,3,3,3,528,0,6,534,0
160,103,3,128,434,3,1,2,10,3,3,6,6,3,4,3,712,0,14,726,0
161,153,2,470,33,0,2,1,2,1,0,1,1,                ? 3,13,4,686,0,7,693,0
162,131,4,544,14,28,1,0,2,1,1,31,5,1,5,2,770,0,3,773,0
163,122,7,267,640,12,2,2,11,7,2,14,3,9,8,5,1111,0,12,1123,0
164,86,5,182,308,5,2,0,2,0,3,5,3,7,7,3,618,0,6,624,0
165,81,8,178,630,11,3,1,2,4,1,17,11,12,11,11,981,0,26,1007,0
166,41,3,83,630,11,4,0,13,6,7,8,10,13,5,10,844,0,1.1,855,0
167,14,0,155,443,3,3,1,20,3,1,3,0,2,5,7,660,0,11,671,0
168,160,6,235,427,2,2,3,3,1,0,13,0,10,8,4,874,0,8,882,0
169,60,7,190,486,5,1,1,9,3,2,1,5,13,5,7,795,0,11,806,0
170,79,3,145,408,4,1,1,3,4,3,5,5,8,12,1,682,0,10,692,0
171,27,2,165,648,10,"                  , 1",1,19,3,1,7,2,4,2,4,896,0,9,905,0
172,52,5,153,536,9,1,1,4,7,1,6,2,10,7,3,797,0,9,806,0
173,10,6,128,478,10,5,1,3,4,3,7,3,8,8,8,"         ,        682",0,20,702,0
174,17,8,91,487,3,4,3,4,5,5,6,6,7,3,9,658,0,13,671,0
175,81,3,170,471,10,1,1,10,2,1,7,2,10,5,7,781,0,12,793,0
176,28,6,56,329,8,3,1,2,1,0,8,4,5,4,4,459,0,13,472,0
177,"                ,171",11,123,546,6,2,2,11,6,2,14,3,7,7,10,921,0,12,933,0
178,28,2,57,534,7,2,2,17,5,1,9,5,3,3,5,680,0,12,692,0
179,17,3,93,293,4,1,1,5,4,0,6,3,2,4,1,437,0,6,443,0
180,54,3,334,308,7,3,4,23,1,3,9,3,6,9,4,                  ?  771,0,13,784,0
181,23,3,78,559,5,2,0,4,2,2,2,5,5,2,2,694,0,9,703,0
182,73,4,259,489,0,4,1,5,4,2,5,5,3,9,4,867,0,10,877,0
183,58,1,209,617,7,0,2,1,4,3,3,                     ?4,8,7,2,926,0,9,935,0
184,202,5,108,201,4,2,3,0,1,0,5,4,4,5,1,545,0,6,551,0
185,49,6,256,411,5,0,3,37,6,2,0,3,12,9,0,799,0,10,809,0
186,39,5,97,451,9,2,1,9,4,4,3,4,7,6,4,645,0,10,655,0
187,54,8,203,436,9,2,2,6,5,7,47,5,11,4,6,805,0,23,828,0
188,33,4,188,659,11,5,2,22,3,2,7,6,7,5,9,963,0,27,990,0
189,43,0,105,425,7,2,3,57,2,2,10,10,10,9,7,692,0,9,701,1
190,50,6,288,563,6,                      '2,2,13,2,4,12,6,11,9,3,977,0,12,989,0
191,38,5,246,593,5,1,0,12,1,1,7,2,9,6,2,928,0,6,934,0
192,36,1,120,387,1,1,0,3,1,0,5,2,4,7,3,571,0,8,579,0
193,31,2,253,424,1,1,1,3,1,3,2,1,3,2,2,730,0,3,733,0
194,25,2,227,484,3,2,0,6,0,0,5,3,1,6,4,768,0,9,777,0
195,15,5,342,219,1,0,0,13,2,2,3,3,6,12,6,629,0,7,636,0
196,120,1,181,541,2,2,0,14,3,0,6,1,5,6,1,883,0,15,898,0
197,19,1,274,408,6,0,2,2,2,3,2,2,8,4,1,734,0,3,737,0
198,27,2,254,447,6,3,1,2,1,3,0,1,6,6,3,762,0,6,768,0
199,15,2,181,397,1,2,1,8,2,0,0,1,4,5,0,619,0,7,626,0
200,24,0,230,542,11,0,1,4,0,2,6,4,2,8,1,835,0,4,839,0
201,27,1,357,367,4,1,1,3,1,1,1,1,7,7,3,782,0,6,788,1
202,66,1,121,394,3,1,2,7,4,5,1,7,34,15,2,663,0,17,680,0
203,26,1,170,227,3,1,0,4,1,0,2,1,9,7,1,453,0,6,459,0
204,89,2,210,468,11,1,1,10,1,1,8,4,9,10,6,831,0,13,844,0
205,87,7,134,475,7,,1,46,2,4,5,6,6,10,10,800,0,22,822,0
206,38,2,117,451,2,1,0,7,1,1,3,3,4,4,3,637,0,5,642,0
207,16,6,414,544,4,1,1,6,1,2,1,4,13,24,4,1041,0,11,1052,0
208,93,1,115,703,8,,1,5,4,3,5,8,11,5,0,962,0,9,971,0
209,25,2,80,362,3,1,0,4,1,2,1,1,9,4,1,496,0,3,499,0
210,30,2,135,410,4,,2,1,2,0,2,3,3,4,4,604,0,5,609,0
211,18,1,109,245,0,1,0,1,2,1,2,1,5,3,1,390,0,1,391,0
212,20,6,247,466,8,1,2,4,1,2,3,4,23,21,5,813,0,9,822,0
213,35,7,200,527,4,,1,6,2,4,4,5,5,5,2,812,0,12,824,0
214,25,3,74,316,4,1,0,1,0,1,1,0,1,0,0,427,0,12,439,0
215,19,2,228,310,1,1,2,6,1,1,4,2,4,9,2,592,0,9,601,0
216,21,1,161,398,7,               d,0,1,0,1,4,4,2,8,4,612,0,6,618,0
217,18,5,137,515,4,2,1,3,1,2,4,3,6,2,1,704,0,8,712,0
218,42,11,93,330,2,1,3,2,1,1,2,5,5,4,3,505,0,13,518,0
219,15,3,248,445,6,2,1,1,7,1,2,6,8,22,3,770,0,5,775,0
220,36,2,177,380,2,2,0,7,2,2,6,6,6,11,1,640,0,10,650,0
221,108,9,179,519,0,3,2,2,1,3,6,1,10,5,6,854,0,8,862,0
222,142,3,91,284,3,0,1,1,0,2,5,1,4,2,8,547,0,11,558,0
223,24,3,286,619,9,2,2,2,2,2,4,2,8,3,7,975,0,15,990,0
224,14,2,255,534,6,3,1,0,4,0,4,3,6,10,5,847,0,15,862,0
225,35,14,252,513,4,4,4,20,2,3,12,3,14,20,5,905,0,11,916,0
226,89,2,259,201,1,0,1,0,2,0,8,1,2,5,3,574,0,4,578,0
227,111,4,196,559,5,2,1,1,1,0,11,4,10,5,6,916,0,19,935,0
228,67,6,704,211,7,0,0,3,0,0,1,4,3,6,0,1012,0,4,1016,0
229,40,3,307,617,11,3,1,0,1,1,4,7,7,6,3,1011,0,13,1024,0
230,105,4,144,563,5,3,2,7,6,3,3,5,5,6,2,863,0,13,876,0
231,53,1,622,153,2,2,0,0,1,2,2,1,2,12,1,854,0,7,861,0
232,52,1,210,337,5,1,1,4,2,1,8,3,5,6,4,640,0,2,642,0
233,66,0,335,578,10,0,1,5,0,2,2,3,8,11,1,1022,0,12,1034,0
234,19,3,242,383,4,0,4,12,1,2,1,2,6,8,0,687,0,5,692,0
235,57,8,307,688,3,4,3,2,4,2,7,8,9,13,3,1118,0,12,1130,0
236,19,2,94,317,0,1,0,1,6,0,3,0,3,2,1,449,0,6,455,0
237,46,7,168,665,7,2,1,5,1,1,1,8,2,2,1,917,0,12,929,0
238,9,0,55,149,4,2,0,0,0,0,1,2,3,2,0,227,0,0,227,0
239,48,3,197,527,4,1,0,1,1,2,6,3,4,5,2,804,0,11,815,0
240,74,8,297,512,1,6,3,1,3,3,3,5,5,16,2,939,0,11,950,0
241,62,9,167,790,9,1,2,2,6,2,7,8,25,28,8,1126,0,23,1149,0
242,18,1,205,393,5,"                            '""4",0,2,1,2,5,1,7,6,3,653,0,7,660,0
243,28,1,130,444,4,          '   ?       2,1,1,2,3,3,1,4,6,2,632,0,3,635,0
244,45,2,109,310,0,2,0,3,1,1,5,1,9,3,6,497,0,6,503,0
245,31,1,143,360,1,2,1,1,0,1,0,0,2,2,0,545,0,2,547,0
246,29,3,487,124,12,1,1,1,0,1,1,0,2,7,3,672,0,4,676,0
247,29,4,151,343,2,2,0,1,1,0,3,2,2,1,2,543,0,3,546,0
248,15,2,251,549,1,1,2,1,2,0,2,2,0,2,2,832,0,4,836,0
249,35,2,352,290,5,0,0,0,2,1,1,0,1,2,0,691,0,5,696,0
250,10,2,372,104,2,0,1,0,2,0,1,0,3,5,0,502,0,4,506,0
251,12,2,80,347,0,1,0,1,0,0,1,0,0,0,0,444,0,1,445,0
252,32,1,216,316,1,2,                     ?0,0,2,0,0,1,4,3,1,579,0,3,582,0
253,11,1,113,510,6,1,1,0,0,2,1,2,8,2,0,658,0,13,671,0
254,24,4,326,647,8,4,3,4,7,3,5,8,24,25,3,1095,0,9,1104,0
255,11,6,72,326,2,0,0,0,1,1,1,0,5,3,0,428,0,4,432,0
256,28,1,350,560,4,0,2,1,0,0,3,2,9,9,2,971,0,4,975,0
257,35,0,292,440,2,0,0,2,0,1,1,0,5,17,2,797,0,4,801,0
258,88,6,249,313,2,0,1,1,1,1,1,0,0,2,0,665,0,2,667,0
259,48,2,335,401,3,0,0,1,3,0,2,0,2,2,0,799,0,9,808,0
260,36,2,273,337,7,0,0,0,0,0,1,2,0,3,1,662,0,2,664,0
261,28,3,303,252,3,0,0,0,0,0,0,1,7,8,5,610,0,7,617,0
262,12,4,161,90,1,1,1,0,0,0,1,1,2,1,1,276,0,2,278,0
263,17,2,188,359,6,1,2,2,4,1,4,4,2,4,2,598,0,6,604,0
264,39,4,154,525,6,2,1,2,3,1,5,3,6,8,3,762,0,19,781,0
265,16,3,227,353,5,1,0,2,1,0,1,5,12,25,5,656,0,7,663,0
266,7,6,186,392,4,4,1,1,0,2,1,3,13,12,2,634,0,5,639,0
267,13,5,202,308,6,2,1,3,1,0,4,1,3,6,0,555,0,6,561,0
268,36,2,95,275,2,2,1,1,                .    2,0,6,5,7,3,2,439,0,9,448,0
269,119,6,278,291,3,3,1,8,0,1,7,4,7,11,2,741,0,10,751,0
270,82,4,392,557,9,3,1,11,2,4,2,2,7,8,7,1091,0,12,1103,0
271,36,1,193,300,2,3,1,3,1,1,4,2,5,4,5,561,0,6,567,0
272,46,5,316,278,3,1,0,3,1,0,2,0,2,9,1,667,0,11,678,0
273,76,2,265,167,4,2,0,0,1,1,2,2,5,11,0,538,0,4,542,0
274,23,5,103,287,4,1,1,0,2,0,3,4,4,1,2,440,0,10,450,0
275,20,3,244,432,4,1,1,4,3,0,2,1,4,3,2,724,0,5,729,0
276,13,3,328,341,8,3,0,0,1,4,4,3,3,4,0,715,0,9,724,0
1,20,14,588,255,5,1,0,2,3,4,3,3,15,26,4,943,0,2,945,0
2,38,1,268,189,5,3,2,1,3,2,6,1,6,17,6,548,0,10,558,0
3,111,16,225,350,4,0,4,1,0,2,1,0,3,6,2,725,0,7,732,0
4,64,4,257,398,3,0,1,1,4,1,8,4,8,10,6,769,0,15,784,0
5,44,6,355,597,4,2,3,0,3,3,6,6,14,20,2,1065,0,4,1069,0
6,61,3,272,434,3,1,0,0,2,1,4,5,13,12,3,814,0,10,824,0
7,33,5,476,430,6,0,0,2,1,2,5,3,5,15,2,985,0,4,989,0
8,120,5,130,219,2,1,1,0,1,0,0,0,1,0,0,480,0,0,480,0
9,26,2,478,157,1,1,0,0,1,1,2,2,1,2,1,675,0,0,675,0
10,46,9,418,253,3,1,1,1,1,2,2,4,2,10,5,758,0,4,762,0
11,11,8,365,541,6,3,2,1,5,0,4,5,8,12,3,974,0,2,976,0
12,253,6,310,368,4,2,3,0,8,3,5,4,12,24,9,1011,0,11,1022,0
13,10,0,208,223,4,3,0,3,1,1,1,2,4,9,1,470,0,3,473,0
14,57,6,319,252,1,2,1,2,1,0,3,2,8,19,1,674,0,6,680,0
15,22,7,309,320,7,2,0,2,1,3,3,2,11,13,2,704,0,8,712,0
16,45,4,403,455,8,4,4,0,5,2,6,4,21,26,6,993,0,9,1002,0
17,13,5,271,280,6,1,0,2,1,1,1,7,17,14,3,622,0,5,627,0
18,28,5,251,139,0,0,1,1,0,0,1,3,6,17,2,454,0,5,459,0
19,16,2,207,226,2,2,1,1,0,1,2,2,5,8,1,476,0,3,479,0
20,40,3,439,475,12,3,5,4,7,3,6,9,30,27,5,1068,0,5,1073,0
21,11,5,563,357,3,0,1,2,0,0,3,3,5,5,2,960,0,1,961,0
22,48,6,512,419,9,3,0,0,7,1,9,10,22,31,10,1087,0,8,1095,0
23,24,2,218,271,3,1,0,                 ? 2,0,2,2,3,14,12,2,556,0,5,581,0
24,            ?to,5,713,127,1,0,2,0,1,2,5,2,7,9,4,888,0,3,891,0
25,15,2,143,282,5,2,0,1,3,0,5,1,7,19,4,489,0,9,498,0
26,4,2,314,31,1,0,0,0,1,1,0,0,0,1,1,356,0,0,356,0
27,78,6,630,30,4,0,1,0,1,3,2,1,2,6,0,764,0,4,768,0
28,25,5,263,470,8,4,1,1,4,4,6,9,16,15,9,840,0,19,859,0
29,39,1,251,394,2,3,1,0,0,1,1,3,17,11,1,725,0,5,730,0
30,61,7,450,245,5,3,2,3,3,3,2,1,8,15,4,812,0,4,816,0
31,11,3,196,249,5,1,0,0,3,1,4,7,10,9,2,501,0,4,505,0
32,63,7,220,461,7,2,0,3,0,1,3,3,11,27,6,814,0,9,823,0
33,26,3,143,365,5,1,2,1,4,0,4,3,15,10,2,584,0,7,591,0
34,179,5,486,153,2,3,1,0,1,2,0,1,3,6,2,844,0,7,851,0
35,87,14,457,26,4,6,1,5,1,2,12,5,7,3,2,632,0,3,635,0
36,23,2,505,44,1,2,0,2,0,0,0,1,0,0,0,580,0,1,581,0
37,6,9,341,315,4,3,0,0,1,0,1,5,10,8,4,707,0,4,711,0
38,24,7,200,288,2,2,4,1,1,4,3,4,6,6,1,553,0,2,555,0
39,25,10,312,380,2,2,0,1,1,2,3,5,10,15,3,771,0,6,777,0
40,21,4,309,329,4,                  ÃÂ  1,1,2,5,1,5,4,21,30,4,741,0,8,749,0
41,4,2,514,164,1,0,0,0,0,0,1,1,0,3,1,691,0,3,694,0
42,14,2,270,373,7,4,1,1,1,2,4,4,9,12,2,706,0,1,707,0
43,36,10,513,256,3,2,1,0,1,1,1,3,5,4,0,836,0,2,838,0
44,54,10,258,293,14,6,4,2,8,5,11,10,22,22,9,728,0,12,740,0
45,59,4,643,321,10,1,2,1,2,5,5,4,8,34,7,1106,0,7,1113,0
46,9,3,314,174,3,0,0,1,1,0,2,0,0,12,0,519,0,7,526,0
47,31,8,364,167,0,1,2,1,2,5,1,4,4,16,7,613,0,3,616,0
48,25,5,715,340,3,1,0,0,1,0,2,2,11,20,3,1128,0,2,1130,0
49,54,3,355,414,5,1,0,0,2,1,3,2,3,7,4,854,"               ,  0",7,861,0
50,12,5,534,210,3,2,1,1,1,3,4,4,4,4,1,789,0,10,799,0
51,44,5,275,444,3,0,1,1,2,2,2,3,10,16,3,811,0,12,823,0
52,14,8,424,157,5,2,3,2,2,1,3,2,4,8,4,639,0,2,641,0
53,49,2,408,179,3,1,1,1,1,1,3,0,6,30,3,688,0,9,697,0
54,51,4,254,355,2,1,0,0,5,1,5,9,11,16,3,717,0,8,725,0
55,36,1,140,416,0,1,0,3,4,1,3,1,4,19,4,633,0,7,640,0
56,60,6,190,622,11,3,1,2,2,,9,3,17,9,5,943,0,7,950,0
57,44,4,303,325,2,1,0,3,1,1,3,1,1,7,1,697,0,5,702,0
58,76,6,177,529,5,1,2,1,2,1,5,7,9,10,7,838,0,11,849,0
59,43,3,266,429,4,2,2,1,1,1,3,2,9,3,1,              '  770,0,4,774,0
60,22,6,302,492,6,2,2,3,2,1,4,7,7,6,4,866,0,7,873,0
61,28,5,403,165,0,0,1,3,0,0,2,3,3,8,0,621,0,3,624,0
62,24,1,409,152,3,1,1,0,1,1,1,1,0,6,0,601,0,0,601,0
63,19,8,499,236,5,3,1,1,0,3,2,5,3,8,1,794,0,3,797,0
64,27,2,210,195,1,0,0,0,1,0,2,0,0,2,1,441,0,2,443,0
65,48,7,153,425,7,2,1,2,10,3,5,5,11,10,5,694,0,8,702,0
66,34,4,103,540,7,1,1,1,4,3,2,3,1,0,3,707,0,6,713,0
67,29,4,125,482,9,2,0,4,4,6,10,7,27,12,3,724,0,15,739,0
68,17,2,143,342,6,1,2,3,0,4,7,5,11,10,0,553,0,4,557,0
69,25,2,175,535,3,"                  ,  ,2",0,0,1,4,4,6,14,2,0,773,0,9,782,0
70,45,2,286,304,7,1,2,5,4,5,7,7,13,14,2,704,0,7,711,0
71,52,6,216,636,7,3,4,5,2,1,13,2,7,5,3,962,0,2,964,0
72,19,3,173,376,10,3,2,2,3,1,6,2,16,10,5,631,0,4,635,0
73,104,4,219,439,6,1,1,1,1,6,8,5,14,12,2,823,0,6,829,0
74,54,7,123,407,13,1,3,1,7,5,8,13,17,13,5,677,0,19,696,0
75,40,9,241,504,12,9,3,4,5,3,9,12,19,9,7,886,0,14,900,0
76,14,2,218,201,5,1,0,1,2,1,2,4,4,11,0,466,0,6,472,0
77,35,9,178,397,21,3,2,2,3,1,14,7,12,10,2,696,0,13,709,0
78,12,4,159,292,8,2,1,1,3,5,6,9,11,10,4,527,0,4,531,0
79,39,2,123,430,9,4,4,2,2,3,8,6,10,5,1,648,0,9,657,0
80,72,7,240,333,8,2,4,2,6,3,4,4,4,5,4,698,0,3,701,0
81,98,8,274,548,9,5,0,6,1,1,4,4,1,3,1,963,0,1,964,0
82,45,3,66,198,0,0,0,2,1,0,4,1,4,4,2,330,0,4,334,0
83,70,5,287,496,11,7,2,3,4,3,5,17,19,8,7,944,0,10,954,0
84,50,5,254,560,9,4,1,1,5,4,6,11,19,12,4,945,0,5,950,0
85,25,4,346,299,6,2,0,0,1,0,2,5,5,14,1,710,0,4,714,0
86,26,4,207,449,8,2,3,2,3,3,5,2,7,7,7,735,0,4,739,0
87,16,2,238,317,3,0,0,3,0,3,3,3,12,14,4,618,0,7,625,0
88,9,3,226,203,3,1,0,1,0,1,0,6,8,12,2,475,0,7,482,0
89,26,2,195,271,4,0,0,1,1,1,2,1,2,1,2,509,0,1,510,0
90,36,5,346,414,5,2,1,2,2,2,3,1,6,8,2,835,0,5,840,0
91,27,2,153,478,3,3,0,1,3,1,2,1,7,2,1,684,0,8,692,0
92,33,2,171,474,6,2,0,3,0,0,3,6,3,1,2,706,0,10,716,0
93,94,8,359,483,8,4,2,0,2,3,8,11,9,7,2,1000,0,6,1006,0
94,61,4,227,356,6,1,1,4,3,2,4,2,14,18,2,705,0,11,716,0
95,1,0,71,8,1,0,0,0,0,0,0,0,0,1,0,82,0,0,82,0
96,24,6,302,353,14,4,3,6,4,4,6,18,24,28,3,799,0,10,809,0
97,43,6,308,421,6,3,1,1,2,3,5,11,12,19,7,848,0,18,866,0
98,185,8,253,273,3,"               ,,,0",1,2,1,2,4,4,7,2,4,749,0,12,761,0
99,14,2,217,190,2,1,4,0,3,0,1,3,6,11,1,455,0,9,464,0
100,15,5,185,295,6,2,1,2,4,1,3,5,5,8,3,540,0,6,546,0
101,38,12,238,409,19,5,4,4,4,2,10,8,7,16,3,779,0,16,795,0
102,16,8,242,270,3,1,1,0,1,3,1,2,7,13,4,572,0,8,580,0
103,52,2,280,423,13,3,2,1,3,1,3,7,19,6,10,825,0,17,842,0
104,71,5,189,584,5,3,2,4,4,1,4,4,14,8,0,898,0,13,911,0
105,52,9,295,481,9,5,3,6,9,0,5,6,6,3,6,895,0,3,898,0
106,116,2,137,264,2,1,1,0,4,2,2,1,12,3,2,549,0,8,557,0
107,100,4,193,158,1,0,1,0,0,0,1,0,2,5,3,468,0,6,474,0
108,25,9,246,405,7,3,1,6,3,3,7,5,13,7,2,742,0,13,755,0
109,27,12,185,288,15,2,4,1,7,3,6,5,16,14,8,593,0,15,608,0
110,78,2,155,271,2,3,1,3,1,0,0,7,9,3,5,540,0,9,549,0
111,156,9,256,310,3,2,1,1,0,0,7,2,6,14,0,767,0,5,772,0
112,70,4,259,420,7,1,0,2,4,1,8,5,10,21,6,818,0,14,832,0
113,70,2,195,512,10,0,2,4,6,2,9,4,17,7,3,843,0,11,854,0
114,96,1,309,304,2,1,0,1,2,2,4,3,5,5,0,735,0,7,742,0
115,61,1,171,314,3,2,1,0,2,1,1,1,5,4,1,568,0,8,576,0
116,6,4,117,261,5,3,0,5,3,3,4,3,10,9,4,437,0,6,443,0
117,16,6,266,270,5,4,1,1,8,2,1,10,6,18,4,618,0,13,631,0
118,31,3,168,402,18,9,7,2,4,4,10,17,13,23,9,720,0,11,731,0
119,56,6,196,493,11,0,5,0,1,3,5,6,8,10,5,805,0,5,810,0
120,24,3,231,188,7,4,2,0,2,1,4,3,9,3,1,482,0,3,485,0
121,40,12,221,356,12,3,2,5,9,5,11,15,34,38,14,777,0,13,790,0
122,46,1,294,232,0,0,0,0,0,0,1,3,5,14,2,598,0,6,604,0
123,83,6,304,247,8,3,1,0,2,2,7,3,10,24,3,703,0,9,712,0
124,39,6,194,339,4,3,4,0,3,1,2,3,6,11,4,619,0,5,624,0
125,44,13,373,264,6,0,4,1,5,3,11,8,6,9,5,752,0,9,761,0
126,35,9,279,312,13,3,0,3,5,1,2,3,2,7,1,675,0,5,680,0
127,16,7,246,327,4,"               ?ÃÂ:,2",2,3,1,1,5,5,5,8,2,634,0,6,640,0
128,45,5,403,420,10,2,3,1,4,2,8,8,22,29,3,965,0,11,976,0
129,7,4,146,208,3,3,1,0,3,3,1,2,6,7,3,397,0,8,405,0
130,74,9,260,540,13,4,6,3,5,4,7,6,12,12,9,964,0,9,973,0
131,40,12,363,427,4,3,1,1,2,3,13,8,28,25,5,935,0,15,950,0
132,20,3,371,276,9,1,0,2,2,2,2,3,11,13,4,719,0,7,726,0
133,16,2,615,220,2,2,3,0,0,0,2,3,1,10,0,876,0,3,879,0
134,34,9,424,389,14,1,1,3,4,0,7,5,18,23,9,941,0,12,953,0
135,21,2,469,195,3,0,0,0,1,0,1,2,3,4,0,701,0,3,704,0
136,79,4,291,244,2,0,0,0,1,0,4,2,10,5,2,644,"             ,    0",3,647,0
137,188,5,485,300,10,1,1,1,2,4,5,3,5,27,7,1044,0,8,1052,0
138,62,3,332,410,7,1,0,0,5,2,3,0,6,8,1,840,0,3,843,0
139,113,9,336,215,9,3,2,0,2,3,6,6,8,19,10,741,0,11,752,0
140,124,1,238,310,4,3,2,1,2,1,2,0,6,11,1,706,0,8,714,0
141,18,2,228,197,5,1,0,0,1,0,2,2,2,3,1,462,0,2,464,0
142,63,3,290,274,2,0,2,0,0,3,1,1,7,4,3,653,0,5,658,0
143,29,6,326,226,7,2,1,0,4,2,11,2,0,6,2,624,0,3,627,0
144,20,6,332,224,4,1,2,0,7,2,7,2,7,14,4,632,0,8,640,0
145,19,5,428,327,14,3,4,8,5,3,13,6,14,17,9,875,0,11,886,0
146,53,4,348,329,8,2,1,2,3,2,8,0,7,11,1,779,0,7,786,0
147,61,3,282,194,3,3,2,0,1,0,3,1,3,9,1,566,0,5,571,0
148,14,1,289,353,5,1,2,0,3,1,2,1,5,9,0,686,0,2,688,0
149,24,3,247,247,4,1,1,1,1,0,3,7,5,7,1,552,0,2,554,0
150,20,5,308,184,3,1,0,1,1,0,6,1,1,7,2,540,0,2,542,0
"            151,",7,1,263,233,3,1,0,1,0,1,2,2,3,9,0,526,0,5,531,0
152,32,0,305,269,2,2,0,0,4,2,7,6,7,9,4,649,0,8,657,0
153,34,4,341,293,10,2,0,1,0,2,3,1,7,12,7,717,0,12,729,0
154,27,6,432,359,7,3,2,2,6,4,4,3,6,13,3,877,0,15,892,0
155,38,3,308,325,3,4,2,0,1,2,3,4,12,7,8,720,0,6,726,0
156,37,5,487,278,9,"                  .,.4",2,4,5,0,5,5,7,13,4,865,0,13,878,0
157,96,2,239,297,4,3,1,2,0,1,5,4,1,7,1,663,0,6,669,0
158,32,6,298,386,14,3,4,3,5,5,11,9,16,7,8,807,0,19,826,0
159,32,7,429,496,8,1,4,2,4,3,2,8,3,7,4,1010,0,5,1015,0
160,44,5,216,256,3,2,0,0,4,3,2,3,13,17,3,571,0,7,578,0
161,105,4,209,240,3,0,2,1,1,0,7,1,6,11,6,596,0,5,601,0
162,44,3,287,352,1,0,0,0,2,1,4,3,3,14,3,717,0,2,719,0
163,39,1,115,225,4,2,0,0,2,0,7,5,9,9,0,418,0,2,420,0
164,45,7,177,346,2,1,0,1,1,0,3,2,6,4,3,598,0,9,607,0
165,115,12,201,313,3,0,1,1,2,4,6,7,13,14,7,699,0,14,713,0
166,95,3,312,296,4,1,0,0,0,0,0,1,4,5,0,721,0,4,725,0
167,173,4,201,329,4,0,2,0,0,1,2,1,4,9,3,733,0,5,738,0
168,61,4,201,358,2,1,0,2,0,1,2,2,6,16,3,659,0,9,668,0
169,14,4,131,376,7,5,1,1,4,1,5,11,14,7,3,584,0,7,591,0
170,12,2,136,211,4,2,1,0,2,0,0,2,4,5,1,382,0,4,386,0
171,22,2,214,404,7,0,1,0,3,0,7,12,33,21,3,729,0,8,737,0
172,235,4,302,457,7,3,1,1,3,2,4,2,9,12,5,1047,0,15,1062,0
173,181,6,227,303,3,1,0,0,0,0,2,2,9,11,4,749,0,7,756,0
174,210,1,212,83,1,0,0,1,0,0,2,1,3,17,6,537,0,11,548,0
175,62,5,219,223,2,2,0,0,1,1,1,5,6,12,1,540,0,6,546,0
176,74,1,224,215,0,0,0,0,2,0,2,                ?   4,3,9,4,538,0,0,538,0
177,31,3,404,253,6,1,2,2,1,0,3,7,8,7,3,731,0,6,737,0
178,29,1,240,218,                 .  1,0,1,1,0,1,2,3,5,6,1,509,0,6,515,0
179,44,3,353,342,11,1,0,0,3,0,6,10,18,22,1,814,0,5,819,0
180,80,7,421,482,6,0,1,4,4,1,8,8,17,16,5,1060,0,15,1075,0
181,25,2,266,519,6,3,2,0,2,1,14,4,18,16,2,880,0,7,887,0
182,34,8,443,503,7,1,1,4,3,2,2,9,14,23,4,1058,0,6,1064,0
183,40,5,371,615,5,0,0,2,3,0,5,2,17,9,2,1076,0,11,1087,0
184,22,0,347,483,9,1,2,4,2,0,3,1,8,14,0,896,0,8,904,0
185,55,5,377,626,4,"                  ,,  1",0,1,1,2,10,6,6,12,3,1109,0,2,1111,0
186,79,4,362,404,6,1,0,2,1,1,4,4,11,20,1,900,0,4,904,0
187,24,4,607,383,6,3,2,3,0,0,3,5,9,23,4,1076,0,6,1082,0
188,96,12,372,531,6,2,4,3,1,5,4,5,21,22,5,1089,0,11,1100,0
189,48,2,222,574,7,4,3,2,3,2,16,14,21,14,6,938,0,8,946,0
190,9,10,261,356,6,1,1,2,1,2,1,6,7,17,5,685,0,7,692,0
191,6,2,197,318,7,1,1,2,5,3,1,6,6,10,5,570,0,6,576,0
192,11,1,214,234,9,0,2,0,0,1,4,4,9,19,2,510,0,8,518,0
193,19,1,168,280,4,2,2,2,0,0,1,5,13,7,1,505,0,4,509,0
194,19,3,374,390,15,4,4,3,4,6,5,7,9,13,2,858,"              ,   0",14,872,0
195,13,4,242,457,7,3,0,2,0,4,4,6,14,9,8,773,0,11,784,0
196,23,2,357,356,9,4,3,2,5,2,4,5,19,32,4,827,0,13,840,0
197,15,3,213,298,0,0,1,0,0,0,1,2,11,16,1,561,0,3,564,0
198,50,8,257,449,7,5,3,1,4,2,11,8,20,18,6,849,0,11,860,0
199,18,4,441,340,5,1,3,1,1,0,0,4,4,7,3,832,0,10,842,1
200,66,4,207,520,6,2,5,2,0,2,3,5,14,5,5,846,0,13,859,0
201,48,4,268,275,6,0,2,7,1,1,3,3,5,15,1,639,0,6,645,0
202,57,2,238,326,6,1,0,19,2,2,5,3,5,8,2,676,0,10,686,0
203,49,5,343,194,4,1,0,3,1,2,5,5,2,16,8,638,0,9,647,0
204,29,2,245,330,7,0,2,2,6,1,6,6,11,24,5,676,0,14,690,0
205,37,2,218,172,1,0,0,0,1,3,2,4,3,4,1,448,0,6,454,0
206,91,3,340,501,11,9,6,2,8,2,10,11,23,20,8,1045,0,12,1057,0
207,58,6,273,263,0,0,0,0,0,0,4,2,8,17,0,631,0,6,637,0
208,38,7,266,461,6,1,0,3,1,3,1,4,8,2,3,804,0,5,809,0
209,55,6,457,273,3,2,1,0,0,0,2,0,1,0,1,801,0,1,802,0
210,264,8,203,117,1,0,0,0,0,2,2,2,4,5,2,610,0,4,614,0
211,14,3,233,166,1,1,0,1,0,1,1,2,3,9,2,437,0,1,438,0
212,80,1,300,234,4,2,2,10,0,1,1,1,1,8,4,649,0,12,661,0
213,27,6,348,434,5,4,3,3,5,0,3,1,7,18,5,869,0,9,878,0
214,15,1,158,175,0.1,0,0,8,0,0,0,0,1,12,3,374,0,3,377,0
215,47,6,130,421,9,2,1,11,2,2,4,2,10,13,2,662,0,7,669,0
216,13,1,354,432,6,1,3,3,3,2,2,6,24,17,1,868,0,6,874,0
217,25,2,314,308,1,2,0,0,2,0,2,2,8,23,2,691,0,6,697,0
218,18,0,269,140,3,1,0,0,1,0,1,1,4,5,2,445,0,2,447,0
219,74,4,250,468,4,3,0,27,4,3,10,9,18,11,6,891,0,14,905,0
220,99,5,208,553,9,4,2,3,6,1,8,6,5,3,4,916,0,12,928,0
221,75,2,77,325,9,2,0,1,3,2,4,5,13,7,4,529,0,7,536,0
222,120,5,160,270,4,0,2,0,3,5,4,3,6,7,4,593,0,6,599,0
223,147,3,82,268,5,1,4,3,3,3,4,4,1,3,7,538,               /    ÃÂ°,19,557,0
224,33,1,216,189,5,1,0,1,4,1,2,4,2,7,6,472,0,7,479,0
225,80,5,215,426,5,5,1,2,2,0,4,3,12,8,4,772,0,9,781,0
226,54,3,158,411,6,2,0,3,0,4,6,2,14,12,2,677,0,11,688,0
227,43,2,147,341,6,4,1,2,4,2,6,7,11,1,0,577,0,5,582,0
228,97,3,176,406,6,4,1,2,5,3,7,2,9,8,7,736,0,6,742,0
229,49,2,140,198,2,1,1,1,1,0,3,2,1,4,1,406,0,7,413,0
230,52,5,171,369,4,4,2,0,3,4,11,17,22,11,3,678,0,13,691,0
231,38,3,212,382,5,2,4,2,0,0,5,4,10,14,4,685,0,14,699,0
232,71,9,312,284,2,2,3,1,2,1,5,4,6,19,1,722,0,6,728,0
233,58,2,142,505,9,4,0,3,6,3,9,7,20,4,4,776,0,13,789,0
234,57,3,287,357,2,3,1,2,2,2,1,6,2,10,4,739,0,12,751,0
235,28,4,332,205,6,1,0,0,1,0,4,0,3,9,1,594,0,2,596,0
236,64,4,201,317,3,1,0,0,1,1,7,1,6,9,0,615,0,6,621,0
237,92,2,221,397,5,3,1,3,4,6,8,6,23,15,3,789,0,10,799,0
238,41,5,178,334,6,3,2,4,2,3,6,3,12,3,5,607,0,9,616,0
239,80,2,162,408,4,2,3,1,0,4,10,6,7,9,4,702,0,13,715,0
240,18,4,160,457,4,1,6,1,1,3,8,8,6,3,6,686,0,8,694,0
241,37,3,125,297,8,2,0,0,0,1,4,1,1,1,1,481,0,1,482,0
242,51,9,314,350,5,4,2,5,3,1,1,6,3,16,3,773,0,7,780,0
243,21,1,55,185,2,"                   ,  0",1,1,0,0,2,0,2,2,2,274,0,3,277,0
244,76,6,118,415,4,2,3,3,4,3,8,5,16,8,7,678,0,6,684,0
245,20,5,215,369,9,3,0,2,3,3,6,5,21,15,1,677,0,4,681,0
246,82,5,233,320,10,4,2,0,6,3,9,4,5,11,3,697,0,4,701,0
247,73,2,252,316,5,7,2,1,2,5,9,2,12,6,5,699,0,8,707,0
248,15,2,294,410,6,2,1,1,0,2,5,2,11,13,1,765,0,6,771,0
249,20,4,293,347,3,2,5,1,5,0,8,3,6,2,3,702,0,2,704,0
250,73,2,341,225,5,0,1,1,2,2,6,6,10,16,3,693,0,4,697,0
251,120,6,233,310,3,0,0,0,1,1,9,4,10,8,4,709,0,6,715,0
252,31,6,166,354,9,4,0,1,4,3,5,3,9,11,0,606,0,5,611,0
253,32,8,216,388,4,3,0,0,3,1,4,2,9,3,2,675,0,9,684,0
254,44,7,255,452,6,6,2,6,4,5,12,6,3,4,4,816,0,10,826,0
255,21,5,188,293,4,4,1,1,1,0,5,0,6,4,1,534,0,5,539,0
256,148,4,365,544,6,2,2,0,2,4,9,1,5,5,4,1101,0,8,1109,0
257,111,5,314,437,7,1,2,3,2,2,6,7,22,15,1,935,0,16,951,0
258,62,5,311,517,6,3,0,0,1,1,1,3,1,1,0,912,0,4,916,0
259,95,2,209,365,2,0,0,1,1,3,3,4,7,10,0,702,0,4,706,0
260,64,3,127,323,2,1,1,0,0,0,2,1,3,5,0,532,0,11,543,0
261,50,9,430,592,8,2,3,2,5,2,10,14,9,18,12,1166,0,19,1185,0
262,34,0,216,255,3,1,1,0,1,0,1,1,1,3,4,521,0,7,528,0
263,64,6,347,331,5,2,0,1,4,1,2,2,4,7,2,778,0,6,784,0
264,59,1,138,130,2,1,0,0,0,0,0,1,0,1,2,335,0,6,341,0
265,48,4,346,388,4,1,2,2,2,4,6,2,6,16,4,835,0,11,846,0
266,222,4,225,467,10,3,2,0,5,5,12,8,9,10,9,991,0,18,1009,0
1,119,2,242,395,5,2,1,0,1,2,4,3,4,13,6,799,0,18,817,0
2,55,6,262,435,6,1,3,1,3,4,3,8,13,19,4,823,0,15,838,0
3,45,4,277,454,8,4,1,1,4,3,5,7,5,22,4,844,0,6,850,0
4,71,3,370,351,6,2,0,1,2,0,4,6,7,12,5,840,0,10,850,0
5,14,4,261,210,2,1,1,2,1,2,2,1,7,22,2,532,0,9,541,0
6,24,3,253,484,11,2,1,4,4,5,8,6,20,10,6,841,0,19,860,0
7,213,3,411,294,4,1,3,2,1,5,2,4,7,13,2,965,0,15,980,0
8,67,4,330,485,7,1,1,2,3,1,2,3,14,15,6,941,0,15,956,0
9,63,3,294,283,3,1,2,0,1,0,5,1,10,10,2,678,0,3,681,0
10,45,0,379,496,6,1,0,1,2,2,1,3,9,9,3,957,0,7,964,0
11,22,3,189,159,3,0,0,2,1,2,1,1,5,5,1,394,0,2,396,0
12,49,4,286,269,3,0,1,0,2,1,4,3,8,10,3,643,0,13,656,0
13,49,0,262,409,6,0,1,4,0,2,4,4,17,12,3,773,0,41,814,0
14,27,3,204,428,13,2,3,5,0,3,11,3,6,9,6,723,0,8,731,0
15,24,3,188,324,6,2,1,1,0,0,2,3,8,13,4,579,0,5,584,0
16,67,2,166,149,2,1,0,16,3,1,2,3,9,5,2,428,0,15,443,0
17,61,4,367,298,0,0,0,4,3,1,3,2,7,11,3,764,0,11,"              775
         ÃÂPaoe-I","                 0
        h3f?t2-"
18,16,2,151,380,2,1,1,1,0,0,4,3,6,12,1,560,0,5,565,0
19,22,4,191,266,11,4,0,2,1,1,6,3,7,8,5,531,0,10,541,0
20,23,7,389,520,3,3,3,25,3,1,10,5,14,34,4,1044,0,10,1054,0
21,6,7,284,321,10,1,0,3,2,1,2,6,14,15,2,674,0,4,678,0
22,44,0,226,167,4,0,0,0,0,0,1,3,4,11,3,463,0,7,470,0
23,8,1,262,410,5,1,2,3,3,3,11,2,17,9,4,741,0,7,748,0
24,52,1,172,446,6,3,2,26,1,4,4,7,7,9,2,742,0,11,753,0
25,37,2,188,395,10,3,0,5,3,1,0,1,15,3,5,668,0,4,672,0
26,22,4,56,497,12,2,1,3,4,2,4,9,9,2,7,634,0,4,638,0
27,15,2,163,385,6,0,0,0,1,0,6,5,4,5,1,593,0,9,602,0
28,115,3,260,303,9,1,1,4,1,0,5,3,12,28,3,748,0,8,756,0
29,141,1,202,103,3,0,0,1,1,0,6,1,4,7,1,471,0,6,477,0
30,62,4,290,270,8,1,1,4,2,1,3,3,2,14,3,668,0,9,677,0
31,33,4,261,327,4,6,1,2,3,1,5,5,9,12,3,676,0,9,"            ,685",0
32,117,6,271,466,10,4,0,0,1,3,6,6,12,8,3,913,0,11,924,0
33,78,3,219,252,6,1,0,0,1,0,3,0,5,17,2,587,0,6,593,0
34,44,12,326,309,5,1,3,2,0,0,3,1,9,6,5,726,0,18,744,0
35,30,0,217,373,7,0,1,0,3,3,6,2,5,8,2,657,0,9,666,0
36,48,4,295,518,13,5,2,2,4,2,3,7,14,22,5,944,0,12,956,0
37,52,4,132,314,3,1,0,1,1,0,1,2,5,2,7,525,0,4,529,0
38,45,2,230,284,6,5,2,2,3,1,8,5,10,18,2,623,0,20,643,0
39,7,2,316,355,5,4,0,0,2,1,4,1,11,22,5,735,0,6,741,0
40,47,3,292,353,6,1,1,0,8,1,3,9,9,16,3,752,0,9,761,0
41,8,1,215,313,4,0,0,0,3,1,5,8,15,26,3,602,0,5,607,0
42,11,4,178,206,5,2,1,4,5,0,5,6,7,11,7,452,0,5,457,0
43,30,2,122,461,6,4,1,5,8,3,                .  8,11,5,2,1,669,0,6,675,0
44,35,7,191,402,4,0,3,0,1,0,0,3,10,11,7,674,0,10,684,0
45,40,0,86,80,3,1,0,0,1,6,4,1,1,2,5,224,0,4,228,0
46,38,3,303,559,14,3,2,0,1,7,7,13,23,34,8,1015,0,18,1033,0
47,20,1,179,248,3,0,1,2,1,2,0,5,8,11,2,483,0,7,490,0
48,28,10,400,506,10,1,3,3,1,3,3,4,17,22,5,1016,0,9,1025,0
49,26,2,279,350,8,1,2,4,1,1,7,3,23,23,2,732,0,14,746,0
50,94,2,143,335,5,0,3,2,1,2,2,3,5,6,4,607,0,7,614,0
51,25,4,127,567,5,0,0,1,0,0,2,5,18,6,0,760,0,4,764,0
52,13,2,167,329,9,1,0,1,0,2,3,3,12,14,1,557,0,7,564,0
53,17,4,410,364,4,3,0,2,4,0,7,0,8,7,3,833,0,8,841,0
54,22,5,270,393,4,4,2,1,4,0,0,4,10,12,1,732,0,5,737,0
55,22,1,326,235,0,1,1,0,1,0,0,3,11,14,1,616,0,0,616,0
56,12,1,307,271,8,0,1,1,0,1,0,4,3,10,1,620,0,1,"            ,621",0
57,55,5,476,230,6,2,1,0,0,3,1,4,12,28,1,824,0,13,837,0
58,60,4,283,356,1,1,1,1,3,0,1,2,3,11,1,728,0,6,734,0
59,61,8,205,390,4,3,0,3,3,2,4,8,20,12,8,731,0,14,745,1
60,51,1,176,278,5,0,0,1,0,2,3,5,7,4,2,535,0,5,540,0
61,57,4,243,92,4,1,0,1,0,0,2,2,2,5,0,413,0,7,420,0
62,159,7,619,61,2,,1,2,0,1,2,2,7,26,2,892,0,17,909,0
63,91,2,230,410,7,       ?  ?'       1,0,0,0,0,2,5,13,14,4,779,0,14,793,0
64,56,2,184,278,6,0,1,1,1,1,3,8,10,12,2,565,0,20,585,0
65,36,6,420,259,5,1,1,1,0,1,0,1,7,12,4,754,0,2,756,0
66,197,6,603,137,8,1,2,2,0,6,7,6,10,26,6,1017,0,13,1030,0
67,192,17,180,423,6,2,2,1,4,4,3,2,3,5,4,848,0,20,868,0
68,17,3,220,354,4,0,0,2,2,0,2,2,6,12,1,625,0,6,631,0
69,19,3,243,336,0,1,0,1,0,0,3,0,3,5,2,616,0,6,622,1
70,27,5,156,306,2,1,1,0,1,1,1,0,3,9,6,519,0,13,532,0
71,26,2,200,279,2,0,0,3,2,2,2,2,12,14,3,549,0,3,552,0
72,37,4,193,450,5,1,2,7,0,2,6,5,10,8,2,732,0,8,740,0
73,50,4,298,367,1,3,1,1,1,1,4,2,4,8,3,748,0,14,762,0
74,32,1,151,320,4,1,0,0,2,2,1,3,11,7,4,539,0,8,547,0
75,57,3,419,312,5,2,2,0,4,3,5,4,9,26,2,853,0,15,868,0
76,46,0,226,407,4,1,2,1,1,2,2,4,9,21,2,728,0,9,737,0
77,39,2,153,295,2,1,1,0,0,1,2,2,5,9,1,513,0,9,522,0
78,4,3,187,401,3,0,1,0,1,1,2,2,0,8,0,613,0,3,616,0
79,18,3,166,277,6,1,1,2,1,2,8,5,4,6,7,507,0,12,519,0
80,12,1,190,306,4,1,0,2,0,1,1,2,8,8,0,536,0,2,538,0
81,21,4,247,264,4,1,0,2,0,1,1,4,9,17,2,577,0,4,"            ,581",0
82,19,1,295,536,11,5,1,3,4,2,24,3,4,17,3,928,0,10,938,0
83,12,6,288,510,7,3,1,1,0,0,1,2,10,8,1,850,0,4,854,0
84,3,1,196,427,2,0,0,0,0,2,1,0,9,4,0,645,0,4,649,0
85,28,3,399,413,6,4,2,0,2,2,"                 ,  7",5,11,18,3,903,0,6,909,0
86,2,3,196,200,2,0,0,0,1,0,0,3,7,8,1,423,0,1,424,0
87,5,3,280,346,5,                ? 0,0,0,3,0,1,7,10,8,4,672,0,7,679,0
88,34,0,258,516,11,4,1,0,0,2,2,4,18,12,6,868,0,9,877,0
89,9,1,246,354,7,4,0,0,1,0,1,1,16,8,1,649,0,2,651,0
90,2,2,160,337,4,1,0,0,0,0,1,2,10,8,0,527,0,2,529,0
91,32,7,296,608,4,4,0,2,3,2,,5,23,16,5,1011,0,9,1020,0
92,16,2,142,440,3,3,2,3,1,2,,4,12,17,2,652,0,16,668,0
93,9,1,220,237,3,1,0,0,1,0,3,0,4,3,0,482,0,2,484,0
94,59,5,361,381,8,3,0,1,3,0,4,4,7,11,5,852,0,12,864,0
95,28,3,250,386,5,0,2,1,0,1,1,4,26,13,3,723,0,9,732,0
96,41,3,305,503,11,4,0,1,1,0,14,6,11,15,7,922,0,11,933,0
97,11,3,174,268,7,0,2,2,2,3,2,4,8,11,6,503,0,10,513,0
98,20,0,121,295,3,0,1,1,0,0,6,2,6,22,1,478,0,8,486,0
99,18,2,323,194,0,0,0,2,1,2,0,0,2,19,2,565,0,3,568,0
100,5,1,290,190,6,1,1,1,1,2,3,3,15,10,8,537,0,15,552,0
101,9,2,200,203,5,0,0,1,0,1,3,5,10,3,0,442,0,7,449,0
102,17,3,232,435,5,3,0,0,1,3,12,6,12,15,2,746,0,7,753,0
103,26,5,346,410,6,3,4,1,9,3,8,0,8,13,5,847,0,10,857,0
104,25,3,275,506,5,2,2,1,2,3,6,4,19,19,4,876,0,17,893,0
105,41,4,151,295,9,1,0,3,2,0,3,3,12,12,2,538,0,13,551,0
106,61,0,126,334,4,0,0,4,3,2,1,9,11,22,3,580,0,11,591,0
107,99,4,215,408,2,3,1,4,0,1,3,3,9,21,2,775,0,14,789,0
108,58,0,209,395,2,0,0,4,1,2,7,2,6,3,1,690,0,,697,0
109,41,2,202,441,5,1,0,4,1,1,2,3,4,3,1,711,0,,718,0
110,13,5,197,324,2,2,0,1,3,3,4,4,2,8,2,570,0,,576,0
111,16,4,234,320,6,1,2,3,1,1,4,2,2,4,4,604,0,14,618,0
112,7,2,161,238,3,               i,1,0,0,1,4,5,13,5,0,441,0,,445,0
113,8,0,227,585,14,3,3,1,3,2,4,5,11,4,8,878,0,10,888,0
114,15,1,204,356,3,1,1,0,2,2,3,1,11,12,1,613,0,,617,0
115,5,0,82,382,4,2,1,0,1,3,5,5,13,10,8,521,0,,528,0
116,8,1,166,228,2,0,1,1,1,0,1,3,5,5,2,424,0,,426,0
117,14,8,252,342,5,1,1,2,2,1,3,5,7,18,4,665,0,,673,0
118,9,2,216,357,4,3,1,0,1,2,2,6,9,11,4,627,0,8,635,0
119,12,3,183,491,1,0,0,0,1,0,7,1,1,1,0,701,0,8,709,0
120,11,0,410,486,13,5,5,2,4,3,2,8,18,26,9,1002,0,20,1022,0
121,5,1,91,219,0,0,0,0,1,1,5,5,8,2,1,339,0,4,343,0
122,6,2,67,374,1,1,0,1,2,1,3,1,10,10,8,487,0,7,494,0
123,8,2,237,264,10,4,0,1,2,2,4,4,6,7,3,554,0,16,570,0
124,16,8,198,463,7,4,1,4,4,2,4,3,11,6,5,736,0,11,747,0
125,3,2,136,277,3,0,0,2,0,2,0,8,13,16,1,463,0,3,466,0
126,5,1,217,277,6,2,0,1,1,3,3,1,7,22,3,549,0,10,559,0
127,18,3,383,346,10,1,1,0,2,0,3,7,11,47,3,835,0,11,846,0
128,8,2,166,504,10,2,1,1,2,3,2,3,17,19,0,740,0,7,747,0
129,11,4,214,503,9,3,0,5,4,0,4,7,21,11,3,799,0,14,813,0
130,21,5,403,467,4,3,0,10,1,0,1,4,7,12,0,938,0,10,948,0
131,17,2,264,591,5,1,0,2,0,1,4,7,16,19,7,936,0,11,             >947,0
132,10,2,169,355,0,1,2,5,1,0,0,1,8,4,3,561,0,3,564,0
133,11,3,257,606,15,2,1,2,3,4,4,7,21,22,6,964,0,12,976,0
134,15,0,225,483,7,3,1,2,2,5,1,4,12,16,5,781,0,10,791,0
135,1,1,188,232,0,0,0,0,1,0,1,3,5,4,2,438,0,1,439,0
136,12,2,153,269,4,1,1,1,0,1,3,1,4,3,2,457,0,9,466,0
137,16,6,422,325,6,6,0,2,6,2,7,6,18,31,3,856,0,9,865,0
138,8,1,222,208,7,1,0,3,2,3,5,3,9,17,1,490,0,5,495,0
139,13,0,322,342,4,1,1,0,2,0,3,5,9,15,0,717,0,9,726,0
140,23,3,295,449,6,4,1,2,4,0,5,7,10,14,3,826,0,11,837,0
141,23,4,350,309,1,1,2,0,1,6,3,5,8,11,5,729,0,6,735,0
142,7,0,68,185,3,1,0,0,0,0,0,3,4,4,1,276,0,1,277,0
143,8,1,228,345,4,1,1,0,4,1,1,4,7,7,3,615,0,4,619,0
144,12,5,118,252,6,2,5,0,3,0,2,1,2,5,0,413,0,7,420,0
145,7,8,212,540,5,3,2,5,1,2,7,4,21,25,1,843,0,27,870,0
146,7,0,135,375,4,1,1,1,3,1,2,5,13,4,7,559,0,9,568,0
147,12,0,129,468,14,2,0,0,5,2,5,2,17,17,3,676,0,9,685,0
148,105,4,367,369,5,1,0,1,0,1,1,1,2,18,2,877,0,5,882,0
149,62,6,355,223,2,2,1,1,0,3,2,6,5,18,7,693,0,14,707,0
150,39,9,467,394,12,1,1,3,3,1,2,7,11,21,10,981,0,16,997,0
151,73,8,265,505,4,0,1,2,3,2,5,3,9,12,3,895,0,14,909,0
152,6,2,166,162,3,0,0,0,0,1,0,2,1,5,0,348,0,0,348,0
153,5,3,240,266,5,0,2,0,4,0,1,1,6,5,2,540,0,3,543,0
154,8,0,140,254,3,0,0,2,4,2,2,0,8,7,1,431,0,6,437,0
155,10,2,93,157,3,2,1,2,0,1,1,2,4,4,0,282,0,6,288,0
156,13,3,195,477,10,0,1,0,2,0,2,4,3,6,0,716,0,5,721,0
157,17,1,230,378,6,2,0,3,2,32,1,3,11,16,4,706,0,6,712,0
158,7,2,161,281,8,0,3,1,3,11,5,2,16,13,4,517,0,7,524,0
159,22,9,306,463,12,0,1,0,2,2,2,5,13,31,1,869,0,8,877,0
160,10,3,175,344,4,2,2,2,4,2,2,7,4,12,1,574,0,13,587,0
161,127,9,465,320,6,4,3,3,0,3,5,4,8,16,9,982,0,11,993,0
162,15,4,162,206,3,"                ,1",1,5,0,4,3,4,3,4,4,419,0,6,425,0
163,71,4,172,249,10,       -  ÃÂ·'       1,0,4,3,0,6,4,5,21,4,554,0,18,572,0
164,80,1,227,145,1,1,1,0,1,0,0,1,1,2,2,463,0,4,467,0
165,94,10,247,167,3,2,1,1,3,1,5,1,1,13,0,549,0,8,557,0
166,18,7,176,325,4,2,0,3,2,0,5,2,3,4,3,554,0,6,560,0
167,23,6,313,402,6,2,3,4,1,2,0,2,5,9,4,782,0,5,787,0
168,24,13,210,271,5,4,1,4,3,0,6,2,3,13,2,561,0,11,572,0
169,35,9,273,294,0,0,0,0,5,2,4,3,4,10,4,643,0,9,652,0
170,24,0,275,289,4,0,2,1,0,1,4,2,4,10,2,618,0,5,623,0
171,10,5,153,236,4,3,0,1,2,0,3,3,2,5,4,431,0,7,438,0
172,54,3,142,308,8,5,1,0,3,0,3,10,9,5,3,554,0,11,565,0
173,31,0,220,228,1,1,0,1,0,0,1,0,4,14,1,502,0,4,506,0
174,32,1,194,168,4,0,1,0,2,3,1,2,5,8,1,422,0,4,426,0
175,14,0,281,169,3,1,0,2,3,0,4,3,3,13,0,496,0,3,499,0
176,18,1,214,229,3,0,0,0,2,1,1,0,3,6,2,480,0,3,483,0
177,68,4,256,211,6,2,3,3,5,0,5,3,8,5,3,582,0,8,590,0
178,7,10,278,320,7,7,1,2,4,2,7,7,5,10,6,673,0,14,687,0
179,38,7,260,275,4,4,2,5,1,1,5,1,3,5,3,614,0,2,616,0
180,17,2,203,266,6,0,1,1,0,1,3,3,5,8,1,517,0,5,522,0
181,27,6,252,405,4,2,1,3,2,0,6,2,12,6,6,734,0,6,"           ,740",0
182,15,10,341,547,9,3,2,1,3,0,1,3,7,12,5,959,0,12,971,0
183,15,1,297,375,5,0,0,0,6,1,5,1,5,12,3,726,0,11,737,0
184,41,18,395,418,5,3,2,0,0,1,5,7,12,17,3,927,0,2,929,1
185,11,8,193,448,12,0,2,3,2,2,1,2,12,15,2,713,0,6,719,0
186,9,2,232,245,6,3,1,0,3,3,0,3,2,4,4,517,0,4,521,0
187,10,3,126,336,8,2,0,0,3,0,1,2,8,7,5,511,0,6,517,0
188,6,4,302,343,1,0,0,2,2,0,4,2,1,14,3,684,0,7,691,0
189,              a,2,244,437,7,1,1,2,1,1,3,3,6,16,4,736,0,6,742,0
190,32,5,363,578,5,1,2,2,2,1,5,5,9,7,2,1019,0,3,1022,0
191,14,1,251,243,10,5,1,2,3,1,2,9,4,15,5,566,0,8,574,0
192,18,4,186,308,2,0,1,2,2,4,3,4,12,8,,555,0,6,561,0
193,36,4,292,194,4,5,1,2,2,2,6,4,5,7,1,565,0,10,575,0
194,8,0,173,220,2,2,0,0,0,0,1,1,6,11,0,424,0,8,432,0
195,67,7,310,490,6,2,1,8,4,3,7,4,11,13,6,939,0,11,950,0
196,36,2,48,226,4,1,1,2,2,3,5,2,3,4,2,341,0,8,349,0
        ?197,38,0,183,407,8,3,2,2,3,3,1,3,9,5,3,670,0,9,679,0
198,89,5,268,346,7,0,1,5,3,1,7,4,9,14,2,761,0,13,774,0
199,15,2,146,367,4,3,3,1,0,1,3,3,1,4,1,554,0,2,556,0
200,41,4,113,294,5,1,0,1,2,3,6,4,5,4,1,484,0,5,489,0
201,125,3,182,355,12,3,1,1,5,2,9,3,1,9,2,713,0,14,727,0
202,39,1,151,159,3,1,0,2,1,0,4,1,4,3,1,370,0,6,376,0
203,35,3,287,218,3,1,2,2,0,1,2,4,9,7,1,575,0,3,578,0
204,33,1,320,288,2,0,0,2,0,1,2,3,7,1,2,662,0,4,666,0
205,101,4,291,434,2,0,0,2,1,3,11,4,4,5,4,866,0,10,876,0
206,34,2,129,200,1,0,0,0,0,3,2,0,6,4,1,382,0,6,            ÃÂ·388,0
207,139,3,254,243,4,0,1,3,4,2,4,6,14,10,4,691,0,9,700,0
208,162,4,259,372,8,3,0,2,3,2,18,6,11,16,6,872,0,13,885,0
209,140,4,419,287,6,1,5,37,2,1,3,1,2,10,0,918,0,7,925,0
210,78,10,532,282,9,3,3,17,9,5,7,7,13,0.23,4,1002,0,8,1010,0
211,40,5,334,345,2,3,0,1,5,5,4,4,7,13,6,774,0,6,780,0
212,31,1,130,244,1,1,0,1,0,0,0,2,4,3,0,418,0,4,422,0
213,197,0,86,271,11,3,1,3,1,1,5,2,8,3,1,593,0,6,599,0
214,-183,4,286,203,6,2,4,69,5,2,2,3,8,6,4,787,0,11,798,0
215,31,0,341,447,5,1,0,2,3,3,2,8,2,5,4,854,0,8,862,0
216,40,7,251,304,2,2,3,1,0,3,2,2,3,5,2,627,0,10,637,0
217,19,5,217,231,5,1,2,1,1,3,1,0,5,7,3,501,0,1,502,
218,50,12,319,377,6,1,1,0,              ÃÂ·2,0,2,5,7,18,2,802,0,9,811,0
219,25,6,159,638,11,1,0,4,0,5,7,2,7,4,4,873,0,10,883,0
220,7,2,154,229,3,1,0,0,2,0,2,3,3,9,2,417,0,10,427,0
221,97,8,357,517,10,3,0,0,3,2,11,4,2,12,2,1028,0,4,1032,0
222,13,0,196,218,4,0,1,0,0,1,2,2,3,6,0,446,0,7,453,0
223,22,1,235,407,4,0,1,3,3,0,6,3,5,6,4,700,0,4,704,0
224,36,3,142,563,11,1,4,6,8,2,10,11,16,4,6,823,0,17,840,0
225,16,1,262,423,5,3,1,6,2,0,5,4,7,6,2,743,0,4,747,0
226,23,6,184,392,6,1,0,1,2,1,1,1,            ;   8,24,2,652,0,11,663,0
227,15,0,307,528,5,3,1,5,1,2,0,0,4,9,4,884,0,8,892,0
        226?,26,3,208,433,9,0,1,1,1,0,0,0,2,8,2,694,0,4,698,0
229,27,3,107,506,7,0,0,2,4,5,7,4,11,10,2,695,0,10,705,0
230,21,2,188,373,5,3,2,0,4,3,6,4,8,2,7,628,0,5,633,0
231,27,5,343,333,8,3,0,2,2,2,2,2,6,17,7,759,0,8,767,0
232,41,2,366,255,5,2,2,4,2,1,7,2,2,6,4,701,0,9,710,0
233,16,10,304,585,10,5,2,3,5,2,7,2,6,17,9,983,0,7,990,0
234,17,1,142,321,7,3,0,1,6,1,4,5,5,4,4,521,0,3,524,0
235,12,3,277,359,6,2,1,0,4,5,6,2,13,17,4,711,0,8,719,0
236,32,5,257,322,6,0,0,0,1,1,3,1,7,6,0,641,0,3,644,0
237,50,10,261,362,4,2,0,1,2,1,8,1,4,20,1,727,0,10,737,0
238,66,3,188,296,4,5,0,5,2,0,10,3,12,17,2,613,0,7,620,0
239,66,2,112,285,3,0,0,5,0,0,5,5,9,3,2,497,0,12,509,0
240,86,4,106,284,4,1,3,1,1,0,8,0,2,2,1,503,0,7,510,0
241,95,7,172,452,7,2,2,1,6,1,7,6,10,13,7,788,0,16,804,0
242,10,1,199,235,2,0,0,4,1,1,2,2,4,6,2,469,0,3,472,0
243,97,7,193,346,9,2,3,5,3,3,5,10,10,9,7,709,0,11,720,0
244,26,3,317,372,5,1,2,4,5,3,4,1,5,12,4,764,0,9,773,0
245,39,4,211,584,10,3,4,257,4,6,1,1,11,5,5,1145,0,9,1154,0
246,58,4,199,368,9,5,1,0,4,5,4,7,2,7,1,674,0,10,684,0
247,104,9,190,388,4,3,1,15,7,5,9,0,7,11,9,762,0,6,768,0
248,35,6,348,469,7,1,0,3,9,0,11,7,10,12,3,921,0,11,932,0
249,46,4,264,327,4,1,1,4,1,1,4,5,13,13,2,690,0,7,697,0
250,42,5,157,319,3,2,2,2,7,5,1,6,5,6,3,565,0,7,572,0
251,54,5,301,186,2,2,1,1,2,3,4,8,3,6,3,581,0,8,589,0
252,49,5,168,482,2,1,1,0,6,1,4,7,11,6,2,745,0,7,752,0
253,53,5,182,442,11,7,3,4,4,4,8,1,5,1,3,733,0,3,736,0
254,17,3,124,281,2,2,0,0,1,1,3,3,1,4,2,444,0,5,449,0
255,134,5,184,409,12,2,3,3,3,3,16,6,8,11,2,801,0,16,817,0
256,21,2,173,397,8,0,4,3,5,2,9,3,10,7,12,656,0,12,            ?668,0
257,83,6,267,451,14,7,2,4,5,3,14,8,14,13,3,894,0,23,917,0
258,50,6,184,415,3,1,2,2,3,2,3,6,5,4,4,690,0,7,697,0
259,65,2,169,508,3,3,2,5,4,4,9,7,4,10,5,800,0,9,809,0
260,121,                ?  7,178,519,7,2,2,7,6,3,5,3,2,8,8,878,0,20,898,0
261,44,5,271,476,7,3,1,4,2,1,3,1,1,1,1,821,0,4,825,0
262,47,3,192,383,3,1,0,1,1,1,3,4,0,6,4,649,0,12,661,0
263,38,4,125,400,3,2,1,4,2,2,2,5,5,4,8,605,0,10,615,0
264,48,3,200,550,6,1,4,4,4,1,10,9,5,8,6,859,0,8,867,0
265,33,0,184,433,7,1,0,7,1,3,2,1,8,9,2,691,0,8,699,0
266,31,2,105,269,0,0,0,2,0,0,7,0,1,3,1,421,0,5,426,0
267,95,4,163,478,5,3,1,6,3,3,11,0,1,3,0,776,0,7,783,0
268,26,1,268,230,6,1,2,0,2,3,12,2,5,17,3,578,0,13,591,0
269,104,4,288,580,10,3,0,1,6,1,0,2,17,9,4,1029,0,14,1043,0
270,85,6,118,473,8,0,2,3,3,2,10,3,6,5,3,727,0,9,736,0
271,30,3,209,478,6,2,2,2,2,3,5,2,6,15,3,768,0,17,785,0
272,282,4,237,252,1,0,0,1,3,1,5,3,1,3,2,795,0,5,800,0
273,48,5,238,413,5,4,1,1,2,2,3,5,7,17,7,758,0,10,768,0
1,56,0,429,445,9,2,1,0,5,2,10,3,7,12,6,987,0,16,1003,0
2,12,3,165,110,1,0,0,65,2,0,2,1,2,4,2,369,0,2,371,0
3,68,1,164,122,2,1,0,7,0,2,3,3,5,9,1,388,0,4,392,0
4,120,1,121,115,0,2,0,1,1,1,3,2,2,2,1,372,0,6,378,0
5,50,8,332,395,6,3,1,2,7,1,5,5,16,12,4,847,0,2,849,0
6,119,8,511,314,5,4,2,6,4,2,10,6,15,23,9,1038,0,16,1054,0
7,103,6,242,284,6,0,4,2,0,0,4,3,7,12,5,678,0,5,683,0
8,70,4,453,480,8,3,2,23,5,1,5,3,5,6,5,1073,0,5,1078,0
9,186,2,332,401,6,3,3,3,2,3,10,2,5,5,4,967,0,12,979,0
10,160,8,331,502,7,5,0,9,3,5,5,10,12,12,6,1075,0,16,1091,0
11,34,8,293,416,4,1,1,1,1,3,3,3,13,9,5,795,0,14,809,0
12,25,0,152,108,0,2,0,0,1,0,2,1,3,6,3,303,0,6,309,0
13,22,2,372,278,2,3,0,3,2,1,5,3,3,11,6,713,0,12,725,0
14,74,1,129,193,4,2,2,14,3,0,3,0,2,4,3,434,0,2,436,0
15,58,5,66,184,4,1,3,15,3,1,3,1,2,0,1,347,0,6,353,0
16,13,3,63,225,2,2,0,0,3,1,2,3,3,5,2,327,0,5,332,0
17,35,8,269,429,5,0,2,3,3,1,6,8,11,7,5,792,0,12,804,0
18,48,8,210,388,4,2,0,2,3,2,3,4,6,6,6,692,0,13,705,0
19,7,3,189,411,1,2,0,1,0,1,2,1,3,3,0,624,0,7,631,0
20,17,5,137,563,15,4,5,1,5,1,7,7,11,4,4,786,0,          g,795,0
21,62,1,236,537,5,3,1,1,2,0,0,1,10,11,4,874,0,3,877,0
22,61,4,226,650,8,8,4,3,6,2,19,7,21,5,9,1033,0,28,1061,0
23,29,1,227,340,4,1,2,5,2,2,0,0,3,12,2,630,0,4,634,0
24,274,10,267,226,4,3,2,39,5,3,11,2,4,12,5,867,0,12,879,4
25,18,4,208,290,2,2,1,1,4,2,4,4,4,10,1,555,0,3,558,0
26,46,4,329,381,10,2,1,5,4,2,9,2,6,7,4,812,0,9,821,0
27,109,9,249,478,14,5,4,7,3,2,11,3,2,11,8,915,0,17,932,0
28,50,6,353,294,3,0,1,2,3,3,4,3,3,17,1,743,0,9,752,0
29,157,9,330,327,7,0,2,0,2,2,7,3,9,11,5,871,0,9,880,0
30,23,2,160,205,1,3,2,4,0,0,1,0,0,0,0,401,0,3,404,0
31,135,4,239,154,4,0,1,3,2,0,4,1,1,3,5,556,0,3,559,0
32,213,2,343,217,4,2,0,1,0,0,1,1,1,4,1,790,0,9,799,0
33,120,5,256,558,7,5,2,3,10,6,9,0,10,33,9,1033,0,24,1057,0
34,20,3,249,323,3,1,2,0,1,0,4,2,4,11,6,629,0,10,639,0
35,78,4,148,295,6,4,2,4,3,2,8,1,15,5,2,577,0,14,591,0
36,30,3,259,330,5,1,1,4,2,2,2,2,22,18,5,686,0,10,696,0
37,67,6,335,483,2,2,1,0,5,1,5,4,25,8,4,948,0,8,956,0
38,41,2,102,265,3,0,0,1,0,2,3,3,4,9,3,438,0,7,445,0
39,43,0,239,302,8,3,1,5,4,3,5,2,6,16,4,641,0,18,659,0
40,25,2,243,313,1,1,1,1,3,3,1,2,4,8,2,610,0,3,613,0
41,29,0,256,355,5,1,0,2,1,1,2,1,4,11,4,672,0,7,679,0
42,151,7,327,411,4,0,1,5,3,1,5,2,4,8,2,931,0,17,948,0
43,77,4,357,209,4,1,1,8,4,1,4,1,5,12,2,690,0,9,699,0
44,84,6,243,368,5,2,1,11,2,0,8,6,7,15,2,760,0,12,772,0
45,20,4,285,444,9,1,0,13,4,3,6,4,13,18,6,830,0,14,844,0
46,114,1,218,151,2,1,1,0,2,1,3,0,1,1,1,497,0,4,501,0
47,18,3,162,222,3,0,1,1,3,1,0,2,1,9,1,427,0,6,433,0
48,100,7,327,249,6,3,3,92,2,4,5,3,2,6,4,813,0,5,818,0
49,70,2,216,87,3,1,3,2,0,1,0,0,1,4,1,391,0,4,395,0
50,200,10,366,331,7,3,6,67,2,10,12,11,7,10,7,1049,0,12,1061,0
51,197,1,138,205,2,1,1,11,0,0,6,1,4,7,0,574,0,8,582,0
52,175,4,184,156,1,1,0,16,1,1,3,1,0,5,0,548,0,15,563,0
53,240,6,318,334,8,2,1,17,11,4,11,5,5,16,8,986,0,29,1015,0
54,56,6,285,440,4,0,3,19,12,2,8,5,6,13,8,867,0,10,877,0
55,105,6,300,306,7,4,9,45,2,3,10,5,9,10,3,824,0,17,841,0
56,55,4,231,376,4,1,0,5,2,4,10,2,7,3,0,704,0,6,710,0
57,99,1,247,173,5,0,0,1,1,2,3,4,3,10,3,552,0,9,561,0
58,36,9,246,372,7,4,5,7,1,2,5,11,20,14,6,745,0,21,766,0
59,137,2,280,457,14,5,0,2,0,2,5,7,10,12,7,940,0,19,959,0
60,83,20,311,374,6,2,3,4,7,6,14,2,7,10,7,856,0,25,881,0
61,53,5,287,287,8,2,5,1,3,0,6,5,9,11,6,688,          n,,        THR,          n
62,13,7,354,331,4,1,1,0,2,7,0,1,9,10,4,744,0,6,750,0
63,74,2,238,275,4,2,0,6,1,1,2,2,1,2,3,613,0,6,619,0
64,354,3,479,219,4,7,0,19,3,3,13,2,5,10,7,1128,0,20,1148,0
65,87,4,307,491,8,3,3,7,7,1,6,7,6,15,9,961,0,22,983,0
66,78,4,221,340,7,1,2,10,1,2,10,3,6,8,0,693,0,4,697,0
67,43,3,265,144,3,0,0,3,1,2,2,1,1,1,1,470,0,3,473,0
68,44,1,424,335,4,3,0,4,4,4,1,2,3,8,0,837,0,12,849,0
      69   1,42,3,388,468,9,0,1,4,6,2,10,17,7,16,7,980,0,10,990,0
70,73,4,493,303,4,1,0,7,3,2,3,6,5,6,4,914,0,11,925,0
71,110,3,332,315,6,5,1,3,3,2,5,4,2,11,1,803,0,8,811,0
72,114,0,133,109,1,1,0,0,0,0,3,1,2,4,1,369,0,0,369,0
73,139,0,191,234,3,0,0,0,2,1,2,2,1,4,0,579,0,3,582,0
74,87,2,234,234,8,1,3,1,3,1,7,3,2,5,3,594,0,5,599,0
75,25,2,309,274,6,2,2,1,2,1,2,6,3,20,1,656,0,5,661,0
76,28,7,285,283,10,2,2,3,5,6,5,4,11,10,8,669,0,20,689,0
77,91,5,169,261,2,3,3,1,2,1,1,3,6,7,2,557,0,8,565,0
78,91,4,202,345,6,3,1,1,8,0,3,2,2,2,1,671,0,6,677,0
79,57,5,282,213,6,0,0,0,1,0,1,0,3,3,0,571,0,2,573,0
80,94,6,200,231,2,1,1,0,1,1,6,1,1,3,1,549,0,5,554,0
81,51,2,252,233,3,0,1,2,1,0,1,1,3,1,0,551,0,5,556,0
82,46,0,268,353,4,2,1,1,2,1,4,3,3,3,2,693,0,15,708,0
83,340,2,304,291,7,1,0,0,0,4,5,1,6,7,1,969,0,6,975,0
84,187,1,325,331,2,1,1,2,1,1,6,0,3,6,2,869,0,4,873,0
85,126,4,175,437,3,1,2,3,1,3,4,3,8,1,0,771,0,5,776,0
86,124,0,195,435,8,1,0,8,9,5,10,9,8,8,5,825,0,22,847,0
87,203,3,357,428,8,2,3,3,4,1,12,5,2,6,5,1042,0,13,1055,0
88,22,3,276,190,6,1,1,6,2,0,4,0,1,1,0,513,0,6,519,0
89,174,6,229,461,3,4,1,2,3,2,14,2,8,13,4,926,0,3,929,0
90,109,7,217,370,7,6,2,7,5,3,2,4,1,3,2,745,0,1,746,0
91,97,7,190,448,4,3,1,1,5,4,8,2,6,7,3,786,0,7,793,0
92,52,2,171,541,4,2,3,3,11,1,9,2,5,5,3,814,0,6,820,0
93,90,4,159,273,6,0,1,5,4,0,10,5,6,11,4,578,0,7,585,0
94,147,6,190,415,8,5,0,1,7,1,10,4,4,4,6,808,0,14,822,0
95,59,5,128,195,3,2,0,2,5,0,7,3,3,7,3,422,0,10,432,0
96,91,2,225,485,10,2,2,1,2,3,8,5,13,7,3,859,0,7,866,0
97,51,5,106,273,8,2,2,4,4,1,1,2,0,0,0,459,0,3,462,0
98,84,4,286,338,4,1,2,2,0,0,9,3,1,5,4,743,0,6,749,0
99,51,5,290,388,5,2,4,1,3,1,5,5,13,12,4,789,0,9,798,0
100,40,1,1011,46,0,0,0,0,1,           G,0,0,0,1,0,1100,0,1,1101,0
101,64,5,272,451,11,4,2,1,3,2,7,1,5,10,5,843,0,4,847,1
102,43,1,188,243,0,2,1,5,1,1,2,4,4,4,2,501,0,1,502,0
103,19,1,169,360,2,1,1,1,0,0,4,0,7,3,1,569,0,1,570,0
104,30,3,244,309,6,1,0,5,1,1,3,2,7,4,2,618,0,1,619,0
105,48,5,300,482,12,4,8,2,3,1,14,8,9,19,2,917,0,17,934,0
106,31,3,304,533,3,1,1,1,2,0,3,2,9,5,0,898,0,9,907,0
107,63,1,283,341,6,0,2,4,2,1,5,2,10,6,2,728,0,9,737,0
108,59,2,276,382,7,1,0,1,3,4,13,7,6,2,0,763,0,11,774,0
109,41,4,175,233,0,1,1,0,1,0,1,2,0,2,0,461,0,1,462,0
110,33,2,153,177,4,2,1,1,0,1,7,1,0,2,0,384,0,3,387,0
111,136,2,273,263,2,5,2,0,1,1,6,1,1,6,5,704,0,1,705,0
112,66,3,247,382,4,1,2,5,0,2,1,3,4,2,             G,722,0,3,725,0
113,19,2,287,421,6,                G,0,1,1,1,3,3,2,6,1,753,0,2,755,0
114,12,2,178,134,1,0,0,0,0,0,1,3,1,5,0,337,0,3,340,0
115,69,6,457,529,4,4,1,0,1,0,5,3,9,15,3,1106,0,7,1113,0
116,11,3,212,187,0,4,1,1,1,1,1,3,4,2,             G,431,0,0,431,0
117,69,1,305,438,6,1,2,3,3,1,1,5,10,9,4,858,0,10,868,0
118,83,4,384,473,3,2,2,3,5,2,13,5,9,7,4,999,0,12,1011,0
119,98,12,416,400,13,2,2,0,4,7,12,5,11,16,2,1000,0,5,1005,0
120,16,3,199,353,2,0,0,0,1,0,1,3,5,4,0,587,0,4,591,0
121,54,5,265,368,2,2,3,7,1,1,5,1,3,6,6,729,0,4,733,0
122,14,7,268,537,4,4,2,0,7,4,3,4,8,10,6,878,0,14,892,0
123,35,5,326,601,12,2,1,1,4,3,13,3,8,5,12,1031,0,14,1045,0
124,8,3,344,356,8,0,1,5,1,1,4,2,6,3,2,744,0,2,746,0
125,17,2,254,390,4,0,2,1,1,0,3,2,4,8,1,689,0,5,694,0
126,45,0,227,335,0,0,1,6,3,2,5,1,3,8,2,638,0,6,644,0
127,19,1,304,318,7,1,2,1,4,2,2,1,2,9,3,676,0,12,688,0
128,70,2,239,605,13,0,0,3,3,1,5,4,7,10,4,966,0,14,980,0
129,66,5,317,411,6,1,3,6,5,2,4,10,10,19,6,871,0,13,884,0
130,13,2,223,337,4,0,0,0,4,0,2,5,6,4,3,603,0,4,607,0
131,36,9,465,385,6,3,4,6,3,2,2,5,7,14,6,953,0,8,961,0
132,19,2,170,196,1,0,0,2,0,0,3,1,2,2,0,398,0,6,404,0
133,46,2,258,567,9,2,2,4,3,1,3,3,8,3,5,916,0,9,925,0
134,46,6,392,490,7,4,3,6,2,2,5,0,1,5,7,976,0,7,983,0
135,85,5,291,405,4,1,3,7,4,2,7,10,11,16,4,855,0,7,862,0
136,35,6,304,310,4,1,0,5,0,1,1,3,2,6,2,680,0,4,684,0
137,32,1,461,341,4,1,1,6,3,1,1,3,4,7,5,871,0,6,877,0
138,29,2,248,266,1,0,3,6,2,0,1,0,4,4,1,567,0,6,573,0
139,28,3,250,228,2,1,0,5,0,0,3,1,2,2,0,525,0,7,532,0
140,23,3,509,352,5,1,1,5,1,0,2,1,6,8,5,922,0,10,932,0
141,19,0,233,272,1,2,0,2,0,0,3,2,3,6,0,543,0,10,553,0
142,41,3,456,409,3,2,2,1,1,0,2,1,13,9,1,944,0,6,950,0
143,43,6,327,509,2,0,1,7,3,3,7,2,8,4,1,923,0,11,934,0
144,35,0,433,332,2,2,0,1,4,1,4,2,2,10,3,831,0,11,842,0
145,36,1,373,288,5,0,0,4,0,2,1,1,3,8,1,723,0,7,730,0
146,76,3,319,426,3,1,2,7,3,1,6,0,1,9,2,859,0,9,808,0
147,39,3,234,373,1,3,1,1,1,1,5,0,3,6,1,672,0,7,679,0
148,26,0,146,230,4,1,1,1,1,0,1,1,1,6,0,419,0,2,421,0
149,44,13,481,434,5,2,2,7,3,3,4,4,8,34,1,1045,0,7,1052,0
150,9,1,189,286,5,3,0,1,6,2,5,4,8,17,5,541,0,3,544,0
151,24,5,168,373,14,2,2,2,3,1,6,4,9,14,4,631,0,8,639,0
152,14,1,338,338,7,6,1,2,0,0,1,2,5,5,1,721,0,10,731,0
153,100,3,312,384,2,2,0,6,1,0,3,1,6,5,1,826,0,9,835,0
154,83,1,242,502,3,4,1,10,0,0,5,5,1,2,1,860,0,4,864,0
155,33,3,455,441,4,4,0,2,2,4,2,3,3,4,2,962,0,7,969,0
156,60,2,303,242,3,2,0,3,1,0,1,0,0,0,1,618,0,2,620,0
157,10,4,257,311,5,1,0,1,4,1,4,7,4,11,2,622,0,6,628,0
158,36,1,372,608,9,3,1,12,3,5,5,0,5,3,1,1064,0,8,1072,0
159,24,1,166,479,2,1,2,2,1,2,1,2,13,2,5,703,0,10,713,0
160,15,0,321,319,7,2,2,0,1,1,2,1,3,5,4,683,0,4,687,0
161,21,4,300,405,12,3,3,3,3,3,4,6,6,7,4,784,0,18,802,0
162,23,3,424,418,4,4,2,8,4,1,4,2,4,8,0,909,0,8,917,0
163,70,1,261,212,3,1,1,17,1,1,1,1,11,4,2,587,0,11,598,0
164,29,4,288,317,5,2,0,3,2,2,7,1,12,8,2,682,0,9,691,0
165,23,1,281,454,6,0,1,2,4,0,6,3,5,2,4,792,0,11,803,0
166,10,3,199,203,3,1,2,1,4,1,1,4,3,5,4,444,0,8,452,0
167,31,0,348,418,2,0,0,8,2,1,0,1,1,4,1,817,0,3,820,0
168,25,4,396,182,5,4,1,0,0,0,1,4,5,9,0,636,0,3,639,0
169,3,2,282,203,4,1,0,3,1,3,0,0,1,3,0,506,0,1,507,0
170,57,4,255,506,3,2,0,4,1,4,3,1,5,9,2,856,0,9,865,0
171,20,3,224,434,15,1,0,11,1,1,5,5,4,6,2,732,0,6,738,0
172,49,4,282,384,1,2,1,4,3,1,4,3,3,4,1,746,0,9,755,0
173,24,4,552,265,6,7,2,1,6,1,4,5,12,7,7,903,0,12,915,0
174,12,1,117,53,1,0,0,0,0,0,0,0,1,1,2,188,0,4,192,0
175,23,2,466,413,7,0,2,4,0,5,2,5,18,17,5,969,0,2,971,0
176,7,1,148,250,3,1,1,0,1,0,0,0,2,2,0,416,0,3,419,0
177,38,1,335,487,11,5,3,0,3,1,1,3,5,2,4,899,0,16,915,0
178,14,0,213,239,5,2,1,0,0,0,2,3,4,1,1,485,0,2,487,0
179,13,1,203,233,5,0,2,0,0,0,1,1,3,0,1,463,0,1,464,0
180,10,2,225,199,3,0,0,8,1,2,2,1,5,4,0,462,0,2,464,0
181,8,1,195,193,5,3,2,34,2,6,3,7,3,4,3,469,0,4,473,0
182,15,0,178,261,3,0,1,4,2,0,2,1,8,8,2,485,0,1,486,0
183,23,2,262,245,5,3,1,1,2,1,3,4,8,7,1,568,0,5,573,0
184,18,7,279,375,9,3,1,6,5,4,8,5,8,19,14,761,0,11,772,0
185,13,1,248,402,2,1,1,0,1,1,3,11,9,20,3,716,0,12,728,0
186,16,3,386,494,6,0,1,1,1,2,5,7,12,14,2,950,0,9,959,0
187,27,2,390,418,12,3,,3,7,2,5,2,15,15,2,903,0,14,917,0
188,10,0,223,179,4,1,1,6,1,2,1,0,4,6,3,441,0,7,448,0
189,24,4,182,486,4,0,1,8,1,1,5,4,4,1,2,727,0,4,731,0
190,83,5,250,310,5,2,1,5,4,1,7,0,4,9,3,689,0,12,701,0
191,26,3,232,476,9,0,2,1,2,1,0,3,4,2,2,763,0,5,768,0
192,41,0,211,230,2,1,0,3,1,0,0,1,6,3,4,503,0,1,504,0
193,10,1,185,188,1,1,0,0,1,0,3,0,0,0,0,390,0,0,390,0
194,28,3,279,347,9,2,1,1,1,0,2,5,8,12,8,706,0,9,715,0
195,23,0,197,217,4,3,0,1,0,0,2,1,4,6,2,460,0,2,462,0
196,84,7,426,449,6,4,0,1,7,4,14,8,16,13,7,1046,0,12,1058,0
197,24,7,588,205,5,4,0,2,1,4,7,6,10,17,5,885,0,11,896,0
198,90,5,335,483,16,6,5,1,8,6,17,3,10,10,7,1002,0,8,1010,0
199,31,2,276,349,3,1,1,0,4,2,1,1,4,5,3,683,0,6,689,0
200,69,4,196,421,2,1,1,4,4,5,5,9,9,4,4,738,0,7,745,0
201,17,3,120,141,3,7,1,0,0,2,2,3,4,2,1,306,0,5,311,0
202,143,7,245,339,2,1,0,4,1,2,11,2,5,9,0,771,0,5,776,0
203,55,2,124,180,3,1,5,0,2,2,4,2,2,3,0,385,0,7,392,0
204,45,0,122,341,9,3,2,0,0,1,4,4,8,7,0,546,0,10,556,0
205,33,4,320,386,7,9,3,2,10,3,5,3,5,14,5,809,0,14,823,0
206,103,8,319,299,3,5,1,0,5,2,9,1,3,6,5,769,0,15,784,0
207,64,7,183,317,7,8,1,0,3,3,9,2,11,8,2,625,0,5,630,0
208,41,3,250,302,0,6,1,1,1,0,2,3,0,0,1,611,0,2,613,0
209,36,5,214,326,6,16,1,1,1,4,5,3,4,12,3,637,0,7,644,0
210,48,4,265,624,10,9,4,2,9,4,14,8,10,8,5,1024,0,12,1036,0
211,42,8,364,632,14,2,6,2,6,3,2,6,4,0,3,1094,0,20,1114,0
212,11,4,205,332,8,6,3,0,0,1,1,3,2,2,4,582,0,5,587,0
213,33,1,169,143,4,0,1,3,0,0,1,1,0,3,0,359,0,1,360,0
214,27,4,128,253,2,0,1,0,1,0,3,3,9,3,2,436,0,5,441,0
215,31,1,193,311,2,1,1,1,2,0,3,2,2,5,1,556,0,3,559,0
216,45,5,271,403,3,4,2,1,1,0,0,3,8,7,5,758,0,3,761,0
217,44,6,378,489,2,1,0,2,1,1,10,6,4,9,6,959,0,15,974,0
218,12,0,172,388,3,5,2,0,1,1,2,0,1,1,2,590,0,3,593,0
219,32,1,407,19,1,2,0,1,0,1,0,1,0,9,0,474,0,4,478,0
220,18,1,202,123,2,0,0,0,0,0,0,1,1,3,0,351,0,0,351,0
221,31,4,363,279,3,4,               i,2,1,4,4,1,8,5,3,713,0,5,718,0
222,36,1,108,238,2,2,0,0,1,0,4,2,2,2,2,400,0,3,403,0
223,35,6,550,451,5,0,2,0,0,0,2,1,1,4,6,1063,0,6,1069,0
224,10,2,210,270,0,3,0,1,1,0,3,0,1,2,0,503,0,4,507,0
225,20,1,161,250,5,1,1,0,0,         .  1,0,1,1,0,1,443,0,1,444,0
226,45,9,300,357,4,2,1,1,4,2,5,2,1,6,4,743,0,5,748,0
227,30,2,128,259,1,4,1,1,1,1,2,1,3,1,3,438,0,1,439,0
228,23,0,164,106,7,1,1,0,0,2,8,0,1,1,3,317,0,2,319,0
229,25,6,370,443,7,4,2,4,4,3,6,5,6,5,6,896,0,9,905,0
230,61,5,313,512,3,6,2,2,1,3,11,2,4,8,2,935,0,9,944,0
231,60,6,207,444,2,1,2,3,5,1,4,6,4,9,1,755,0,15,770,0
232,37,2,277,370,11,0,0,4,1,1,4,0,3,3,1,714,0,9,723,0
233,25,3,280,434,4,0,0,0,1,1,3,3,7,6,0,767,0,2,769,0
234,15,1,183,213,3,0,2,1,0,0,0,1,4,7,2,432,0,6,438,0
235,12,2,206,188,2,0,0,1,0,0,1,1,0,4,1,418,0,3,421,0
236,30,2,282,252,7,7,2,2,9,3,12,5,25,18,9,665,0,12,677,0
237,9,2,151,331,6,1,3,2,2,1,4,2,5,1,2,522,0,4,526,0
238,7,2,145,222,2,0,0,0,0,0,3,1,4,1,2,389,0,6,395,0
239,96,1,326,344,5,4,0,3,3,0,3,0,7,4,4,800,0,8,808,0
240,15,3,372,261,3,1,0,1,1,0,1,0,2,7,1,668,0,4,672,0
241,8,5,400,319,8,6,4,2,22,1,14,5,8,11,5,818,0,11,829,0
242,7,0,149,134,3,0,0,0,2,1,3,2,1,0,0,302,0,3,305,0
243,135,4,72,169,3,2,0,0,1,2,6,2,3,1,2,402,0,7,409,0
244,22,3,191,245,6,0,1,4,0,0,4,8,4,5,4,497,0,7,504,0
245,16,2,190,242,4,2,0,0,0,1,2,1,7,2,2,471,0,5,476,0
246,58,2,276,374,8,2,1,0,6,1,4,2,3,5,1,743,0,11,754,0
247,48,1,213,448,14,4,3,1,2,4,11,2,5,6,5,767,0,13,780,0
248,27,1,145,199,2,0,0,0,0,1,1,1,1,0,1,379,0,2,381,0
249,12,2,158,263,2,1,0,1,0,0,0,2,1,2,0,444,0,5,449,0
250,22,3,160,145,5,2,0,0,1,2,2,3,12,9,0,366,0,1,367,0
251,89,3,321,385,4,6,4,4,2,3,3,2,3,6,2,837,0,7,844,0
252,50,4,157,437,5,3,1,1,2,0,4,3,3,1,3,674,0,3,677,0
253,23,1,165,384,5,2,4,3,6,2,18,3,7,5,3,631,0,12,643,0
254,67,7,235,404,5,3,2,2,7,2,9,3,4,4,1,755,0,7,762,0
255,26,0,118,162,4,3,0,0,4,0,3,2,1,1,0,324,0,4,328,0
256,35,2,336,247,4,1,2,2,3,2,4,6,3,17,1,665,0,9,674,0
257,5,4,166,239,4,2,1,0,1,0,1,3,7,7,1,441,0,8,449,0
258,11,1,229,159,0,0,0,0,1,1,0,1,3,7,1,414,0,4,418,0
259,79,2,151,165,2,2,0,1,5,0,8,0,3,1,0,419,0,2,421,0
260,62,2,349,289,4,3,3,1,4,0,4,5,7,13,1,747,0,8,755,0
261,15,0,128,151,1,1,0,2,21,0,1,2,1,1,0,324,0,1,325,0
262,106,4,301,448,2,5,1,3,2,1,8,4,11,9,4,909,0,11,920,0
263,68,4,221,200,4,1,1,2,32,2,5,7,8,24,2,581,0,7,588,0
264,121,4,253,100,2,1,0,0,4,1,4,2,4,12,2,510,0,7,517,0
265,51,5,309,506,13,4,0,2,3,5,7,4,14,5,2,930,0,10,940,0
266,59,1,257,211,0,2,0,0,2,1,5,3,4,5,1,551,0,2,553,0
267,44,5,303,393,5,3,2,0,3,2,7,4,31,4,4,810,0,21,831,0
268,68,9,345,310,6,4,2,3,12,9,13,10,19,13,5,828,0,11,839,0
269,65,2,177,360,3,1,1,0,2,0,3,4,12,5,2,637,0,6,643,0
270,85,2,200,211,2,1,0,0,5,2,16,6,11,12,5,558,0,12,570,0
271,184,3,334,152,6,1,1,0,1,0,11,2,1,5,4,705,0,14,719,0
272,77,3,127,110,1,1,1,0,1,1,6,2,4,5,0,339,0,5,344,0
273,101,0,224,129,1,2,1,0,4,0,4,1,5,4,0,476,0,2,478,0
274,118,0,239,207,2,0,1,1,2,2,4,2,4,6,1,589,0,11,600,0
275,139,6,419,328,6,8,0,2,8,2,13,6,16,16,2,971,0,12,983,0
276,49,2,107,179,3,3,1,1,1,0,6,1,2,9,1,365,0,4,369,0
277,87,1,198,189,2,1,1,3,1,1,0,2,5,7,0,498,0,6,504,0
278,16,1,252,204,2,3,0,1,2,2,1,4,3,8,0,499,0,7,506,0
279,24,3,449,300,6,3,0,0,5,3,7,5,35,19,5,864,0,12,876,0
280,41,4,451,360,9,1,1,3,4,2,7,6,2,16,5,912,0,9,921,0
281,12,4,319,382,8,8,0,0,3,1,3,4,21,5,3,773,0,11,784,0
282,106,6,152,401,8,1,1,1,4,0,11,1,4,5,5,706,0,16,722,0
283,13,0,208,221,2,0,0,0,0,0,1,1,3,7,0,456,0,2,458,0
284,10,6,342,373,8,3,1,3,4,5,1,2,10,6,1,775,0,15,790,0
285,14,11,426,261,8,5,0,3,5,4,12,7,95,13,9,873,0,28,901,0
286,19,1,277,373,5,2,2,2,2,1,2,1,6,2,6,701,0,9,710,0
287,10,6,266,337,4,2,0,1,4,2,6,3,26,5,7,679,0,6,685,0
288,31,1,422,296,1,4,0,0,1,2,6,2,6,16,1,789,0,9,798,0
289,21,1,248,112,4,0,1,1,1,1,0,0,1,6,3,400,0,2,402,0
290,33,3,432,421,11,2,0,0,4,2,6,4,10,11,5,944,0,16,960,0
291,20,11,547,328,29,10,6,0,8,5,13,14,22,38,14,1065,0,23,1088,0
1,45,11,459,510,13,4,2,1,4,1,4,7,13,22,5,1101,0,11,1112,0
2,97,5,354,346,6,2,1,1,2,5,4,5,2,7,4,841,0,10,851,0
3,15,5,112,155,3,1,0,0,0,0,1,2,2,4,0,300,0,0,300,0
4,11,1,169,141,5,4,0,1,0,0,2,1,3,1,0,339,0,5,344,0
5,93,7,383,129,8,2,3,3,5,1,5,3,4,8,1,655,0,4,659,0
6,19,2,413,178,2,0,2,1,1,1,1,4,5,4,2,635,0,5,640,0
7,79,2,242,130,4,2,1,2,0,1,1,3,1,5,1,474,0,1,475,0
8,162,3,392,396,9,4,2,2,2,3,6,1,5,21,8,1016,0,17,1033,0
9,58,6,184,497,9,4,4,2,2,8,11,2,3,5,4,799,0,15,814,0
10,25,4,280,304,5,5,0,2,3,2,4,8,4,10,1,657,0,8,665,0
11,89,5,497,249,9,1,1,0,2,5,8,6,14,16,3,905,0,8,913,0
12,28,3,255,370,2,0,3,2,2,0,0,2,5,8,3,683,0,3,686,0
13,42,4,248,277,                        ''   '   5,0,2,2,0,0,5,2,3,1,1,592,0,2,594,0
14,225,10,524,17,0,0,2,0,1,0,2,4,1,8,3,797,0,13,810,0
15,44,1,304,312,5,1,1,2,0,0,5,0,2,7,3,687,0,5,692,0
16,45,5,279,512,11,0,4,1,3,5,5,3,8,11,4,896,0,10,906,0
17,28,8,490,490,9,3,1,0,3,0,2,3,13,7,2,1059,0,8,1067,0
18,95,1,80,363,8,3,3,6,2,2,6,6,9,3,7,594,0,13,607,0
19,89,2,117,357,3,0,1,7,0,4,4,1,7,9,3,604,0,5,609,0
20,34,6,221,481,8,1,,1,2,2,3,6,8,8,3,787,0,4,791,0
21,24,8,272,343,3,3,2,1,4,3,6,6,6,3,5,689,0,5,694,0
22,24,4,180,490,4,1,1,1,0,0,0,1,6,8,3,723,0,6,729,0
23,34,5,222,413,5,3,0,2,5,0,3,3,2,8,3,708,0,10,718,0
24,45,3,166,545,9,2,0,3,2,2,9,1,7,8,5,807,0,13,820,0
25,147,0,122,326,7,1,1,2,0,0,2,2,4,5,0,619,0,11,630,0
26,27,3,199,407,7,5,5,2,2,1,1,2,2,4,4,671,0,5,676,0
27,40,3,236,390,4,2,1,0,3,3,4,3,3,6,3,701,0,11,712,0
28,62,2,105,357,1,0,0,3,1,1,7,3,2,4,0,548,0,4,552,0
29,127,4,177,245,1,1,1,3,3,1,7,6,5,4,2,587,0,12,599,0
30,182,5,197,397,3,0,2,0,6,3,8,8,5,10,3,829,0,11,840,0
31,14,2,123,332,4,2,3,0,1,2,3,5,14,5,1,511,0,4,515,0
32,19,4,190,343,10,4,1,0,2,1,4,8,5,13,4,608,0,5,613,0
33,34,3,321,343,1,0,1,3,1,0,1,3,5,8,2,726,0,7,733,0
34,21,3,234,437,5,7,4,4,5,7,10,12,17,17,6,789,0,20,809,0
35,24,3,355,565,10,5,2,2,2,0,10,6,12,12,3,1011,0,13,1024,0
36,19,2,243,307,3,2,3,3,4,1,3,2,6,15,0,613,                      D,5,618,0
37,66,2,261,257,2,3,0,3,0,0,4,1,2,19,3,623,0,4,627,0
38,73,8,322,511,8,0,0,1,7,4,3,4,11,8,3,963,0,7,970,0
39,148,5,236,324,7,3,1,3,4,2,12,3,7,6,5,766,0,16,782,0
40,62,2,155,294,2,3,1,4,2,1,16,11,6,7,1,567,0,8,575,0
41,24,6,406,383,10,0,2,2,2,1,8,6,5,23,0,878,0,5,883,0
42,56,3,351,237,0,3,1,0,1,1,3,3,8,18,0,685,0,7,692,0
43,19,3,360,265,1,1,1,0,1,0,1,1,7,17,3,680,0,4,684,0
44,15,1,144,215,6,1,0,0,0,0,1,1,3,17,2,406,0,1,407,0
45,11,1,193,103,4,0,0,0,0,1,0,2,1,6,0,322,0,2,324,0
46,38,6,346,369,3,1,1,0,2,0,5,5,8,6,1,791,0,4,795,0
47,20,5,137,184,7,,2,0,2,2,3,5,5,11,4,391,0,4,395,0
48,26,4,493,203,5,,1,1,2,0,1,2,6,23,6,773,0,8,781,0
49,36,2,244,307,3,1,2,3,2,0,4,2,6,8,2,622,0,3,625,0
50,43,4,214,429,9,0,3,0,2,0,5,5,2,7,4,727,0,7,734,0
51,75,8,209,373,5,1,4,3,0,1,5,4,5,12,4,709,0,10,719,0
52,36,6,225,498,5,3,0,0,4,2,4,1,5,8,0,797,0,2,799,0
53,73,4,362,164,2,1,2,0,1,0,2,5,6,12,1,635,0,5,640,0
54,44,4,368,220,2,2,3,0,0,0,0,1,2,7,0,653,0,3,656,0
55,17,3,293,241,2,0,2,2,1,1,2,1,4,7,2,578,0,5,583,0
56,15,0,69,279,2,1,0,0,1,0,0,1,2,2,1,373,0,2,375,0
57,60,2,183,361,6,0,1,5,3,1,5,4,3,                             a,2,644,0,6,650,0
58,33,2,119,297,3,1,3,1,3,0,1,0,3,4,1,471,0,6,477,0
59,67,1,186,285,3,1,0,0,4,0,5,1,12,7,2,574,0,4,578,0
60,48,3,204,188,3,0,0,0,2,0,2,3,2,3,0,458,0,3,461,0
61,31,4,261,400,6,1,0,0,4,2,2,2,3,11,3,730,0,4,734,0
62,66,1,286,452,4,0,0,1,1,0,3,4,6,3,0,827,0,6,833,0
63,44,2,267,459,5,1,0,2,4,2,10,5,16,13,3,833,0,4,837,0
64,82,5,205,337,4,2,1,3,2,4,11,5,2,17,3,683,0,4,687,0
65,51,6,157,490,10,3,0,2,3,3,4,1,5,6,2,743,0,9,752,0
66,35,3,368,404,5,0,0,1,0,0,3,3,16,19,1,858,0,2,860,0
67,44,3,188,384,8,0,0,1,0,0,4,5,8,9,0,654,0,4,658,0
68,97,2,139,382,6,1,1,1,1,1,12,7,15,8,3,676,0,9,685,0
69,12,3,171,399,4,1,1,3,1,1,3,3,6,1,2,611,0,3,614,0
70,48,5,300,258,6,2,2,3,1,2,5,1,3,5,3,644,0,11,655,0
71,60,8,540,403,6,3,2,0,4,1,3,2,4,16,3,1055,0,2,1057,0
72,158,5,361,303,2,3,0,1,4,4,16,7,7,12,3,886,0,10,896,0
73,58,3,376,316,4,1,0,0,0,0,4,3,6,11,4,786,0,6,792,0
74,38,2,367,422,7,2,2,2,2,4,3,3,11,17,2,884,0,13,897,0
75,241,2,387,148,4,0,0,1,1,3,7,2,2,11,4,813,0,5,818,0
76,163,8,359,315,2,1,0,3,1,1,6,1,2,1,0,863,0,3,866,0
77,13,6,295,511,2,2,1,1,2,0,1,3,7,4,2,850,0,4,854,0
78,48,0,351,329,4,1,0,0,2,0,4,1,4,8,0,752,0,2,754,0
79,70,2,328,486,3,3,3,0,3,1,3,1,1,8,1,913,0,1,914,0
80,65,6,292,385,5,2,2,0,4,3,14,5,4,7,3,797,0,10,807,0
81,57,4,285,406,8,5,1,0,5,1,11,1,4,12,7,807,0,10,817,0
82,66,8,430,418,2,0,0,2,7,0,4,2,3,9,2,953,0,6,959,0
83,28,3,194,183,3,0,2,2,0,1,1,2,0,8,0,427,0,3,430,0
84,41,1,283,358,8,2,2,1,1,1,6,2,9,11,2,728,0,10,738,0
86,112,6,289,107,1,0,0,0,1,0,7,1,0,3,0,527,0,3,530,0
86,51,6,312,518,5,4,3,6,6,5,17,9,11,12,6,971,0,16,987,0
87,117,5,246,380,9,1,2,1,4,2,9,1,7,10,1,795,0,9,804,0
88,90,4,161,139,3,2,3,0,3,0,10,1,3,8,2,429,0,5,434,0
89,34,3,86,125,3,1,0,1,2,1,1,2,5,5,2,271,0,0,271,0
90,110,6,371,587,14,5,0,3,4,2,11,3,11,18,7,1152,0,15,1167,0
91,96,4,338,249,1,1,0,2,4,1,8,2,2,15,0,723,0,3,726,0
92,21,0,266,440,7,4,1,1,2,0,0,4,16,13,3,778,0,1,779,0
93,71,5,230,359,1,1,1,2,1,1,6,3,2,7,1,691,0,3,694,0
94,36,0,177,257,2,1,1,1,0,0,0,0,3,6,0,484,0,1,485,0
95,130,5,319,415,4,3,2,2,2,6,10,3,2,4,0,907,0,9,916,0
96,98,1,176,298,2,0,0,2,0,1,4,3,4,1,2,592,0,7,599,0
97,86,4,175,303,3,0,1,0,1,2,3,0,0,8,2,588,0,6,594,0
98,74,5,269,382,4,0,1,6,2,0,4,1,0,2,2,752,0,2,754,0
99,127,1,234,447,6,3,1,2,4,3,10,2,2,5,2,849,0,9,858,0
100,72,4,259,336,2,2,2,4,1,0,4,0,1,4,1,692,0,8,700,0
101,81,3,293,236,1,1,0,2,0,1,7,3,14,7,2,651,0,9,660,0
102,42,2,210,264,5,3,0,1,0,3,7,2,6,5,0,550,0,3,553,0
103,66,1,355,319,4,,0,2,1,1,3,0,5,13,1,771,0,5,776,0
104,16,3,243,347,3,,1,5,5,0,3,1,3,8,1,642,0,7,649,0
105,75,3,366,312,10,0,2,1,2,1,10,6,8,16,11,823,0,10,833,0
106,73,2,359,31,1,1,0,2,1,0,4,9,1,7,0,491,0,3,494,0
107,140,8,415,244,2,1,1,2,3,3,6,4,4,21,3,857,0,8,865,0
108,181,9,351,199,2,1,0,0,1,1,5,2,3,10,3,768,0,11,779,0
109,20,5,257,160,2,0,0,2,1,0,0,1,2,4,0,454,0,3,457,0
110,25,0,166,396,5,4,0,0,5,3,1,4,6,0,1,616,0,10,626,0
111,22,3,324,298,1,1,0,0,1,0,2,0,4,6,0,662,0,4,666,0
112,91,5,376,262,4,1,5,2,3,6,4,7,4,13,2,785,0,6,791,0
113,56,2,434,270,5,1,1,0,0,0,7,5,7,16,2,806,0,10,816,0
114,32,5,235,292,4,0,1,1,1,0,2,2,4,4,3,586,0,4,590,0
115,72,8,481,259,3,3,0,0,2,0,1,3,7,18,1,858,0,3,861,0
116,50,1,244,420,7,2,1,0,2,0,2,2,7,5,3,746,0,7,753,0
117,7,1,145,322,1,0,0,1,1,0,2,3,5,5,2,495,0,1,496,0
118,39,5,257,368,6,0,2,0,2,0,7,9,27,15,1,738,0,3,741,0
119,29,5,369,393,7,0,0,3,1,0,4,2,4,5,1,823,0,5,828,0
120,59,4,271,244,1,1,0,2,1,1,10,1,6,14,5,620,0,3,623,0
121,61,2,286,306,4,1,3,                          .    1,1,4,6,1,3,8,0,687,0,11,698,0
122,39,4,414,480,8,2,1,1,2,1,5,4,1,9,1,972,0,5,977,0
123,155,3,361,458,10,3,3,3,1,1,11,5,5,8,6,1033,0,4,1037,0
124,35,1,199,341,4,1,0,2,1,                           ?  1,4,2,4,16,1,612,0,2,614,0
125,32,3,268,228,0,0,1,2,1,0,6,3,13,6,0,563,0,4,567,0
126,39,7,347,572,9,2,3,2,3,3,3,3,4,9,5,1011,0,6,1017,0
127,34,6,428,588,7,2,4,3,3,5,5,2,8,6,5,1106,0,6,1112,0
128,72,1,249,660,5,2,3,0,6,0,12,5,25,20,2,1062,0,11,1073,0
129,55,3,312,509,5,3,1,3,1,1,6,3,7,7,5,921,0,3,924,0
130,33,2,261,546,3,2,1,3,0,0,2,1,2,0,1,857,0,3,860,0
131,36,0,190,198,0,0,0,1,0,0,0,1,0,2,0,428,0,2,430,0
132,137,4,646,22,3,4,1,0,0,1,3,1,2,14,2,840,0,4,844,0
133,65,6,320,329,7,1,3,0,3,3,1,7,6,17,3,771,0,5,776,0
134,255,6,467,35,7,4,2,6,3,0,6,4,8,13,3,819,0,19,838,0
135,81,6,483,33,1,1,0,3,1,0,5,3,3,12,0,632,0,7,639,0
136,48,2,141,374,3,0,2,0,2,1,5,2,5,1,0,586,0,7,593,0
137,63,3,350,325,6,3,1,3,2,1,11,4,10,16,2,800,0,9,809,0
138,12,1,259,314,5,1,1,0,3,1,0,1,4,5,1,608,0,3,611,0
139,16,2,299,246,7,2,1,0,3,1,1,2,5,6,0,591,0,5,596,0
140,17,0,246,279,8,2,0,0,1,0,0,2,4,6,3,568,0,3,571,0
141,69,4,176,313,4,1,0,0,1,1,4,2,3,1,1,580,0,2,582,0
142,62,1,228,321,2,0,0,3,4,2,6,1,3,5,3,641,0,9,650,0
143,95,3,434,391,6,1,2,7,4,0,2,9,14,15,4,987,0,15,1002,0
144,58,6,235,420,3,0,1,4,4,0,7,2,6,5,0,751,0,4,755,0
145,31,1,227,473,6,0,4,2,3,0,3,3,9,6,4,772,0,12,784,0
146,49,2,250,508,1,1,2,3,1,2,11,4,6,5,3,848,0,8,856,0
147,136,1,287,230,5,0,1,1,1,1,3,0,2,9,1,678,0,10,688,0
148,223,2,430,167,0,0,2,1,1,0,3,1,1,7,1,839,0,5,844,0
149,94,2,245,503,7,6,2,2,2,2,7,3,3,5,2,885,0,11,896,0
150,65,7,528,347,3,2,4,5,3,1,5,3,8,12,0,993,0,3,996,0
151,64,2,268,288,4,1,0,3,3,1,7,3,3,7,1,655,0,5,660,0
152,18,1,150,174,1,0,0,0,0,0,3,0,2,2,0,351,0,2,353,0
153,63,4,331,395,7,1,1,1,0,2,6,5,2,8,2,828,0,8,836,0
154,66,2,198,319,3,1,0,1,0,1,5,0,7,9,5,617,0,7,624,0
155,17,4,205,216,1,2,0,1,0,1,1,1,5,3,0,457,0,3,460,0
156,29,4,117,275,4,3,0,1,1,1,4,2,3,1,2,447,0,3,450,0
157,29,2,203,171,0,0,0,0,0,0,6,1,5,6,2,425,0,6,431,0
158,34,1,163,351,5,0,1,1,1,0,4,2,2,6,1,572,0,5,577,0
159,231,4,507,39,4,2,0,5,1,0,2,8,2,5,2,812,0,6,818,0
160,49,11,243,594,8,2,3,5,3,1,9,7,14,7,6,962,0,13,975,0
161,63,1,183,166,1,2,0,0,1,1,3,3,5,13,2,444,0,4,448,0
162,11,1,332,321,5,1,2,2,1,0,1,2,3,5,1,688,0,3,691,0
163,57,7,258,583,9,1,2,7,4,2,12,11,13,7,4,977,0,12,989,0
164,36,2,411,360,7,1,1,2,3,2,2,4,7,12,0,850,0,8,858,0
165,46,2,217,195,3,1,0,1,1,1,2,1,2,3,0,475,0,3,478,0
166,53,6,424,326,5,2,0,1,2,2,8,3,12,13,4,861,0,4,865,0
167,42,6,355,621,5,5,4,4,12,3,8,10,19,18,5,1117,0,6,1123,0
168,189,4,404,84,3,1,2,3,8,2,7,5,5,13,9,739,0,9,748,0
169,303,2,166,162,5,0,1,0,0,1,11,1,0,2,1,655,0,8,663,0
170,164,5,200,346,3,4,8,1,2,2,7,3,6,9,3,763,0,9,772,0
171,198,4,210,331,3,3,8,4,3,4,17,5,5,4,3,802,0,17,819,0
172,112,5,256,601,7,2,0,2,5,3,10,4,5,3,2,1017,0,13,1030,0
173,99,3,344,405,8,0,1,4,3,3,5,1,5,12,4,897,0,12,909,0
174,176,2,319,545,8,1,2,1,3,0,11,7,14,3,4,1096,0,8,1104,0
175,21,1,213,307,5,1,5,2,2,1,6,1,4,6,0,575,0,0,575,0
176,194,7,547,401,7,4,2,1,4,2,12,3,3,9,5,1201,0,16,1217,0
177,78,7,415,467,6,0,1,3,3,3,5,3,3,5,2,1001,0,13,1014,0
178,198,1,234,296,3,0,0,2,0,2,7,1,4,3,0,751,0,11,762,0
179,139,5,392,372,6,1,1,1,2,1,11,4,3,7,5,950,0,10,960,0
180,223,3,257,415,3,3,3,8,4,3,6,8,6,4,8,954,0,7,961,0
181,247,4,317,174,1,2,1,0,1,2,6,2,5,5,2,769,0,4,773,0
182,49,1,236,221,"                         ,   ?  2",0,0,0,0,1,1,1,2,5,2,521,0,2,523,0
183,35,3,293,205,3,1,0,0,1,1,5,1,4,4,1,557,0,4,561,0
184,108,4,272,331,7,2,2,2,4,2,9,3,9,4,4,763,0,8,771,0
185,12,2,151,105,2,0,1,0,3,0,0,0,2,2,0,280,0,0,280,0
186,116,3,86,148,1,0,0,1,1,1,13,0,2,2,4,378,0,9,387,0
187,13,2,140,253,4,1,0,0,0,0,2,0,3,0,0,418,0,0,418,0
188,116,2,346,621,6,2,5,4,1,2,9,4,4,2,6,1130,0,6,1136,0
189,50,0,315,320,3,1,1,2,0,2,2,4,4,6,0,710,0,4,714,0
190,36,5,257,379,6,2,2,4,2,2,9,0,1,8,3,716,0,5,721,0
191,17,0,310,350,7,0,4,0,4,1,3,2,0,2,1,701,0,3,704,0
192,22,3,406,179,4,1,0,1,4,0,5,1,2,5,4,637,0,6,643,0
193,39,1,378,551,0,1,0,1,2,0,0,2,2,3,0,980,0,5,985,0
194,5,5,113,168,4,3,0,3,2,0,4,2,2,2,1,314,0,3,317,0
195,133,6,244,454,9,4,3,0,4,2,10,6,6,4,4,889,0,18,907,0
196,24,0,264,275,5,0,0,2,1,1,0,0,1,6,1,580,0,7,587,0
197,68,3,88,330,2,1,3,1,0,2,7,1,3,2,0,511,0,5,516,0
198,37,4,247,547,4,2,1,1,3,1,4,2,9,4,2,868,0,7,875,0
199,196,4,158,315,5,0,0,0,2,1,13,5,1,4,0,704,0,14,718,0
200,151,1,233,384,3,0,0,3,2,1,11,2,2,3,1,797,0,6,803,0
201,13,2,168,265,3,1,1,0,0,0,1,2,2,3,0,461,0,2,463,0
202,45,4,240,394,7,1,1,1,1,3,8,6,13,10,0,734,0,6,740,0
203,10,2,267,271,1,2,0,2,13,2,5,2,4,3,2,586,0,5,591,0
204,168,3,116,226,1,2,2,0,0,1,6,2,3,1,2,533,0,2,535,0
205,31,5,288,261,3,0,0,0,0,3,5,2,4,4,0,606,0,5,611,0
206,20,2,207,262,1,1,2,0,0,1,0,0,3,2,0,501,0,4,505,0
207,105,5,691,29,2,1,2,0,0,0,3,2,4,25,3,872,0,10,882,0
208,32,2,191,191,3,1,1,1,2,0,6,4,3,10,2,449,0,4,453,0
209,20,2,206,416,3,0,0,0,2,0,2,2,8,5,3,669,0,1,670,0
210,64,0,279,575,                         '   ?   6,3,2,3,7,1,10,12,7,10,5,984,0,8,992,0
211,128,2,239,629,10,2,0,3,16,3,11,6,4,8,6,1067,0,20,1087,0
212,37,1,245,408,2,0,0,2,1,1,1,1,5,7,1,712,0,9,721,0
213,57,4,182,545,3,4,0,1,8,2,2,4,10,7,1,830,0,7,837,0
214,2,0,176,261,1,0,0,0,0,2,0,1,1,5,0,449,0,0,449,0
215,22,2,386,397,7,1,0,0,5,3,3,2,8,4,1,841,0,5,846,0
216,8,2,144,373,6,1,6,2,4,1,11,3,3,3,4,571,0,7,578,0
217,34,4,367,545,8,3,4,1,3,3,3,2,1,4,0,982,0,3,985,0
218,24,3,320,663,10,6,6,7,10,3,2,5,7,5,5,1076,0,10,1086,0
219,25,2,44,349,5,0,0,0,0,2,2,2,2,0,0,433,0,2,435,0
220,185,3,300,236,5,"                             , 2",0,0,2,0,5,0,3,3,4,748,0,5,753,0
221,44,5,283,275,7,1,0,1,6,2,12,2,2,22,1,663,0,3,666,0
222,67,3,164,275,4,0,0,1,4,0,4,0,6,4,0,532,0,5,537,0
223,71,6,381,351,8,0,3,2,4,2,6,1,7,8,6,856,0,9,865,0
224,295,1,210,137,1,0,0,0,1,0,2,2,0,4,3,656,0,6,662,0
225,51,0,95,245,2,1,2,1,0,1,6,2,3,3,2,414,0,3,417,0
226,40,3,256,456,6,5,1,0,4,0,7,2,2,7,3,792,0,4,796,0
227,571,8,258,285,4,2,0,2,4,2,13,0,3,6,0,1158,0,5,1163,0
228,117,0,107,95,1,0,1,1,1,0,2,1,3,0,0,329,0,2,331,0
229,324,8,280,294,3,3,1,0,11,2,18,4,2,10,7,967,0,15,982,0
230,21,6,183,166,1,0,4,2,8,1,5,2,4,4,1,408,0,1,409,0
231,238,2,368,291,1,0,0,1,1,0,7,1,0,5,0,915,0,6,921,0
232,225,2,271,359,5,0,1,0,1,1,11,0,3,3,1,883,0,12,895,0
233,225,5,424,329,3,2,1,1,0,2,7,1,4,8,3,1015,0,11,1026,0
234,19,3,213,270,0,0,1,0,3,0,3,1,0,4,1,518,0,4,522,0
235,323,0,138,60,1,0,1,0,0,0,6,1,2,5,0,537,0,7,544,0
236,115,3,176,219,3,1,0,0,3,0,4,1,0,3,0,528,0,3,531,0
237,104,0,173,185,1,1,0,0,0,1,1,2,0,1,1,470,0,1,471,0
238,228,2,177,170,                         '   ?  0,2,0,3,1,1,1,0,0,1,0,586,0,1,587,0
239,200,5,305,466,2,2,0,1,2,0,15,2,4,9,2,1015,0,8,1023,0
240,356,7,222,509,7,4,1,4,5,1,33,7,5,2,2,1165,0,7,1172,0
241,168,1,128,141,1,0,0,0,1,1,5,0,0,0,1,447,0,3,450,0
242,379,7,173,357,3,3,2,2,3,3,7,5,4,3,4,955,0,9,964,0
243,146,1,157,213,1,0,2,1,1,0,8,0,3,2,1,536,0,2,538,0
244,223,13,248,255,6,3,1,1,1,2,5,0,2,5,3,768,0,5,773,0
245,29,0,294,588,3,1,1,2,5,1,3,5,7,7,2,948,0,4,952,0
246,11,1,122,220,1,0,0,1,0,1,1,0,2,2,0,362,0,0,362,0
247,44,0,337,418,3,1,0,0,0,0,1,1,4,6,1,816,0,1,817,0
248,10,3,175,312,3,1,0,0,2,1,1,0,1,3,0,512,0,2,514,0
249,58,5,295,314,8,3,0,1,0,1,3,2,3,7,7,707,0,5,712,0
250,23,3,274,622,3,1,0,4,2,5,3,4,7,10,5,966,0,4,970,0
251,25,0,199,224,3,0,2,1,2,0,1,0,5,8,0,470,0,1,471,0
252,19,0,342,388,2,0,2,1,1,1,3,4,4,2,2,771,0,2,773,0
253,11,2,99,310,1,0,0,2,6,3,2,2,3,1,1,443,0,                            A,447,0
254,7,3,312,290,4,0,0,1,0,0,2,1,3,1,3,627,0,5,632,0
255,41,1,310,605,6,5,4,0,4,0,5,4,8,11,5,1009,0,10,1019,0
256,170,2,135,366,0,0,0,0,0,0,5,1,0,3,0,682,0,2,684,0
257,62,5,366,651,7,5,1,0,3,1,5,4,6,5,5,1126,0,13,1139,0
258,53,1,169,362,10,1,1,1,2,1,1,1,9,4,2,618,0,8,626,0
259,22,2,178,394,4,0,0,3,7,1,0,2,9,5,1,628,0,4,632,0
260,56,2,159,494,2,1,2,7,1,2,4,1,2,2,2,737,0,2,739,0
261,37,5,260,457,2,1,0,3,3,0,2,1,3,4,3,781,0,5,786,0
262,33,1,170,223,5,1,0,0,1,2,9,2,6,7,1,461,0,2,463,0
263,134,5,168,271,7,1,1,1,4,2,4,2,2,2,1,605,0,5,610,0
264,113,4,132,299,4,0,1,3,2,3,2,2,2,2,2,571,0,10,581,0
1,23,6,246,380,8,1,1,4,2,0,3,1,4,5,2,686,0,12,698,0
2,11,3,179,275,3,1,0,1,0,2,1,2,13,8,2,501,0,6,507,0
3,13,5,252,351,5,0,2,3,4,1,5,3,3,6,4,657,0,7,664,0
4,19,2,202,384,2,2,1,0,2,2,3,4,9,3,2,637,0,7,644,0
5,8,2,158,344,5,1,2,1,4,0,1,2,11,9,4,552,0,5,557,0
6,57,8,277,303,6,3,3,3,4,5,5,6,16,16,2,714,0,12,726,0
7,44,7,313,240,2,4,2,0,2,0,1,0,3,6,0,624,0,3,627,0
8,68,5,234,396,6,2,1,1,7,0,9,10,7,7,4,757,0,8,765,0
9,42,3,158,90,4,0,1,0,0,1,0,5,4,12,0,320,0,5,325,0
10,56,2,176,417,2,1,1,5,0,1,5,1,2,3,3,675,0,11,686,0
11,78,5,246,539,5,3,0,5,3,0,8,1,5,7,7,912,0,25,937,0
12,75,6,240,527,6,4,1,3,7,1,18,3,8,11,8,918,0,8,926,0
13,100,7,259,500,4,5,4,4,4,5,7,6,8,10,4,927,0,8,935,0
14,91,4,200,414,2,3,0,2,5,0,2,2,7,2,3,737,0,7,744,0
15,71,0,122,393,4,0,1,0,2,1,2,0,3,3,1,603,0,5,608,0
16,60,4,146,229,1,2,1,2,2,0,5,1,5,6,3,467,0,5,472,0
17,130,8,204,592,6,7,2,0,1,4,7,5,8,4,5,983,0,9,992,0
16,22,1,186,404,4,3,2,1,3,1,7,8,8,5,0,655,0,3,658,0
19,11,2,250,231,6,1,0,0,1,1,0,2,8,5,4,522,0,                        ?   4,526,0
20,25,1,173,340,7,2,0,1,4,1,3,2,10,6,0,575,0,5,580,0
21,46,3,200,457,4,3,1,3,0,1,2,5,11,6,2,744,0,9,753,0
22,20,6,181,343,3,3,4,1,5,4,4,6,5,9,3,597,0,10,607,0
23,14,2,176,535,9,2,0,2,1,2,4,5,6,7,2,767,0,8,775,0
24,21,5,97,288,8,2,1,1,3,4,4,6,9,1,3,453,0,8,461,0
25,27,5,245,374,6,3,2,0,1,1,8,3,15,6,4,700,0,10,710,0
26,80,5,189,415,2,0,2,1,2,1,1,2,6,4,2,712,0,9,721,0
27,142,2,224,372,6,1,0,2,1,3,6,2,9,8,5,783,0,8,791,0
28,233,7,127,402,3,0,1,0,1,3,10,5,5,4,4,805,0,11,816,0
29,49,4,313,580,6,2,1,4,7,3,10,3,3,8,7,1000,0,2,1002,0
30,46,1,255,665,12,2,3,1,7,5,8,9,9,6,8,1037,0,9,1046,0
31,14,1,264,333,1,1,0,2,2,0,3,0,3,5,1,630,0,4,634,0
32,20,1,145,286,2,1,1,4,0,0,1,4,4,5,1,475,0,6,481,0
33,9,5,230,133,0,0,1,0,1,1,2,3,0,8,,396,0,3,399,0
34,8,3,142,364,2,0,0,1,3,1,2,2,7,4,1,540,0,12,552,0
35,31,3,213,247,4,4,3,2,2,1,2,3,2,4,1,522,0,7,529,0
36,10,0,212,381,11,6,2,1,0,1,4,4,4,10,,655,0,6,661,0
37,25,3,242,249,3,0,2,0,2,1,1,2,3,11,1,545,0,10,555,0
38,76,3,280,403,1,0,0,0,0,2,6,4,5,8,0,788,0,9,797,0
39,71,2,219,466,6,2,2,3,1,2,1,2,2,7,2,788,0,7,795,0
40,25,8,251,320,4,1,1,2,3,0,6,4,1,16,10,652,0,3,655,0
41,29,1,265,415,0,2,1,1,1,4,7,3,4,6,0,739,0,8,747,0
42,98,3,305,438,7,1,0,3,1,1,3,1,7,4,1,873,0,19,892,0
43,12,1,189,292,3,1,0,3,0,0,2,2,1,3,1,510,0,1,511,0
44,51,2,201,311,4,0,2,1,2,0,3,5,8,18,1,609,0,3,612,0
45,70,6,203,278,2,0,1,0,3,2,1,4,9,16,3,598,0,5,603,0
46,93,1,236,267,0,1,0,1,1,0,6,1,2,8,2,619,0,3,622,0
47,44,6,244,464,2,2,0,1,0,4,7,3,8,12,1,798,0,8,806,0
48,7,3,85,277,3,1,0,1,2,2,0,2,5,1,3,392,0,3,395,0
49,49,3,143,390,2,1,0,3,4,1,3,2,6,9,3,619,0,5,624,0
50,54,7,172,444,3,1,1,1,0,4,4,2,18,16,5,732,0,8,740,0
51,106,1,269,499,2,1,0,1,1,1,2,1,1,0,1,886,0,9,895,0
52,81,3,245,504,3,2,3,1,0,2,3,0,4,4,1,856,0,9,865,0
53,28,3,119,348,2,0,0,3,1,1,1,2,3,1,3,515,0,5,520,0
54,56,0,117,317,2,1,1,0,0,2,0,2,6,1,0,505,0,10,515,0
55,36,9,206,639,9,0,0,1,2,2,7,6,16,9,6,948,0,7,955,0
56,33,8,248,508,8,2,1,2,1,0,3,1,5,4,1,825,0,11,836,0
57,20,9,345,264,4,3,1,3,3,1,4,1,22,19,10,709,0,16,725,0
58,18,3,128,245,3,0,0,1,1,3,2,5,9,8,2,428,0,7,435,0
59,20,0,170,285,4,1,0,0,0,0,0,0,4,0,4,488,0,2,490,0
60,54,5,209,372,7,3,2,1,3,4,5,6,11,7,3,692,0,5,697,0
61,69,7,301,549,14,1,5,4,4,1,6,5,8,7,8,989,0,11,1000,0
62,56,5,211,474,5,1,3,3,4,1,6,7,9,6,12,803,0,11,814,0
63,71,2,378,641,13,3,3,2,2,1,2,4,12,9,5,1148,0,13,1161,0
64,26,4,209,339,2,1,1,1,1,0,2,1,7,11,3,608,0,4,612,0
65,82,5,168,343,2,2,0,2,3,0,8,2,6,6,7,636,0,17,653,0
66,18,0,94,199,0,0,0,0,0,0,1,0,0,1,0,313,0,2,315,0
67,18,3,138,472,2,3,2,1,2,0,4,2,2,1,0,650,0,4,654,0
68,15,0,184,442,3,0,0,0,1,0,2,2,0,3,1,653,0,2,655,0
69,25,2,125,388,3,0,0,0,1,0,2,1,2,2,1,552,0,3,555,0
70,35,0,156,305,2,0,0,0,0,0,4,0,0,2,1,505,0,11,516,0
71,15,0,242,261,1,0,0,0,0,0,1,0,0,0,0,520,0,6,526,0
72,35,3,181,392,1,0,0,2,0,0,3,0,0,0,0,617,0,5,622,0
73,23,1,232,358,1,0,0,1,0,0,4,1,3,2,0,626,0,4,630,0
74,31,2,169,344,4,0,0,1,0,0,1,0,2,2,0,556,0,7,563,0
75,36,1,206,392,4,2,0,1,0,1,1,3,5,3,0,655,0,7,662,0
76,35,2,222,456,2,1,2,0,0,0,0,4,8,7,4,742,0,5,747,0
77,26,1,221,508,5,0,0,2,0,2,4,1,2,5,0,777,0,2,779,0
78,52,3,224,537,3,2,2,0,0,0,2,1,5,11,3,845,0,9,854,0
79,53,1,176,465,                             ?    2,1,0,0,1,0,2,1,12,17,1,732,0,8,740,0
80,87,8,223,476,3,1,1,2,1,0,3,1,9,7,3,825,0,6,831,0
81,122,3,229,604,5,0,2,0,4,4,7,7,10,18,3,1018,0,7,1025,0
82,46,2,108,261,1,0,2,1,0,0,4,3,4,6,3,441,0,3,444,0
83,105,4,133,300,2,2,0,1,0,1,6,4,17,19,9,603,0,10,613,0
84,137,5,231,463,2,3,2,2,1,3,6,2,3,5,0,865,0,30,895,0
85,17,1,110,360,2,0,1,0,0,1,3,2,2,1,0,500,0,5,505,0
86,64,1,133,538,3,1,0,0,0,2,5,3,7,1,1,759,0,1,766,0
87,42,3,146,393,2,2,0,2,0,0,5,1,1,1,1,599,0,2,601,0
88,77,2,240,510,1,0,3,2,1,2,4,0,7,6,4,859,0,11,870,0
89,31,2,192,320,3,2,0,3,0,0,1,3,10,3,4,574,0,5,579,0
90,55,0,152,368,3,0,0,8,0,0,2,2,1,1,0,592,0,3,595,0
91,122,2,183,483,2,2,1,6,0,1,3,4,9,3,2,823,0,9,832,0
92,56,6,224,375,3,1,0,1,1,3,2,0,9,8,2,691,0,4,695,0
93,29,1,148,321,2,1,0,0,1,0,1,0,1,2,0,507,0,0,507,0
94,26,4,173,283,2,1,0,1,2,0,1,0,2,6,2,503,0,5,508,0
95,34,0,201,303,1,0,1,2,1,1,2,1,1,2,2,552,0,2,554,0
96,39,1,153,307,3,3,0,2,0,0,2,0,0,0,1,511,0,8,519,0
97,41,3,131,307,3,1,1,0,1,0,1,1,3,1,0,494,0,3,497,0
98,45,4,227,331,1,1,2,1,0,1,1,1,1,7,1,624,0,3,627,0
99,78,1,174,297,2,0,0,1,1,4,4,1,6,6,4,579,0,9,588,0
100,74,4,189,469,1,0,0,2,1,4,4,1,6,1,0,756,0,9,765,0
101,95,3,190,488,3,0,1,0,1,0,4,2,6,9,1,803,0,7,810,0
102,16,0,165,281,3,1,1,1,1,0,1,4,3,2,1,480,0,1,481,0
103,22,1,223,403,2,0,0,1,0,0,2,1,1,1,0,657,0,8,665,0
104,23,0,165,425,1,0,1,3,0,0,0,1,6,7,0,632,0,3,635,0
105,39,3,207,467,3,0,0,4,0,3,2,1,1,3,1,734,0,9,743,0
106,46,2,224,403,2,1,1,6,1,1,4,0,0,5,4,700,0,11,711,0
107,70,2,261,401,4,2,0,2,1,1,2,1,4,6,0,757,0,17,774,0
108,16,2,204,382,2,1,1,3,0,1,1,2,2,3,0,620,0,6,626,0
109,12,0,153,363,2,1,1,4,1,1,2,2,5,1,2,550,0,3,553,0
110,33,2,204,372,2,3,0,0,0,0,1,1,4,0,0,622,0,0,622,0
111,27,2,139,269,4,2,1,2,2,0,2,1,6,3,2,462,0,5,467,0
112,44,0,119,207,1,0,0,1,0,0,0,0,1,0,0,373,0,11,384,0
113,51,3,135,334,2,1,0,0,0,0,5,1,2,2,1,537,0,4,541,0
114,42,2,118,265,1,0,0,0,1,0,1,1,3,0,1,435,0,5,440,0
115,47,4,114,227,1,0,0,2,1,0,4,3,2,1,0,406,0,3,409,0
116,98,1,219,230,2,1,0,2,0,0,2,0,4,3,0,562,0,7,569,0
117,69,1,221,330,3,1,2,6,0,2,2,0,3,0,1,641,0,6,647,0
118,45,3,236,159,2,1,2,2,1,2,1,2,0,4,0,460,0,2,462,0
119,65,2,178,498,5,1,0,1,3,2,3,2,12,3,1,776,0,9,785,0
120,73,2,140,308,1,0,0,0,0,1,1,3,0,0,1,530,0,15,545,0
121,58,1,130,364,1,1,0,0,3,1,2,1,6,3,1,572,0,7,579,0
122,94,4,323,198,1,1,0,1,1,0,3,1,1,7,3,638,0,6,644,0
123,54,5,350,133,3,1,0,1,0,0,5,1,2,5,1,561,0,6,567,0
124,84,3,305,383,2,2,0,0,2,2,5,0,2,4,0,794,0,7,801,0
125,54,2,188,298,1,1,0,1,0,0,1,0,0,0,4,550,0,4,554,0
126,77,1,141,327,0,2,0,2,0,0,3,0,0,0,0,553,0,6,559,0
127,64,0,151,225,0,0,0,0,0,0,2,0,0,0,0,442,0,2,444,0
128,63,0,171,371,1,1,1,3,0,0,1,2,0,0,0,614,0,6,620,0
129,90,0,165,346,0,1,0,1,0,1,3,0,1,0,0,608,0,13,621,0
130,72,3,136,449,2,1,0,1,2,2,4,1,5,4,0,682,0,5,687,0
131,61,3,276,157,0,1,0,1,1,0,1,1,1,1,0,504,0,3,507,0
132,39,2,167,379,1,1,0,1,0,1,2,3,7,11,1,615,0,3,618,0
133,72,1,325,241,0,0,0,0,0,0,2,2,2,7,2,654,0,4,658,0
134,69,2,428,159,1,0,0,0,0,2,0,2,1,7,1,672,0,6,678,0
135,46,0,222,340,3,0,0,1,0,0,0,1,5,1,0,619,0,11,630,0
136,41,1,92,369,3,1,0,2,0,2,2,0,5,3,3,524,0,4,528,0
137,27,4,201,497,5,0,1,2,1,0,2,4,9,18,1,772,0,11,783,0
138,24,3,174,393,1,1,0,0,1,1,4,1,15,8,8,634,0,6,640,0
139,23,3,157,368,1,1,0,1,0,3,4,1,5,3,0,570,0,7,577,0
140,36,2,300,423,1,3,1,2,2,2,2,1,4,8,2,789,0,7,796,0
141,13,2,112,487,6,0,0,3,1,0,0,3,13,7,1,648,0,2,650,0
142,28,4,128,389,2,0,1,1,1,0,3,4,5,2,3,571,0,6,577,0
143,22,2,214,594,5,3,0,5,2,1,3,1,1,3,3,859,0,6,865,0
144,17,3,115,647,6,1,1,3,2,2,7,7,13,5,6,835,0,8,843,0
145,9,3,164,489,5,0,0,1,2,1,6,4,4,3,3,694,0,4,698,0
146,30,2,249,459,5,1,1,1,3,0,6,5,6,3,1,772,0,11,783,0
147,48,2,297,396,3,3,0,1,1,3,2,1,5,13,0,775,0,5,780,0
148,78,1,231,401,1,0,1,1,1,0,2,0,2,3,2,724,0,6,730,0
149,97,1,266,448,3,0,1,1,2,0,5,0,1,0,0,825,0,17,842,0
150,75,0,309,390,1,0,0,12,2,1,3,0,1,1,1,796,0,14,810,0
151,67,4,232,249,1,0,2,5,0,1,3,3,10,14,6,597,0,3,600,0
152,60,3,173,352,4,0,0,0,0,1,0,1,6,11,2,613,0,4,617,0
153,126,6,157,426,6,3,1,1,4,2,4,1,6,5,1,749,0,7,756,0
154,66,1,198,583,5,3,2,2,3,2,3,1,14,3,2,888,0,14,902,0
155,48,1,109,274,1,0,1,1,1,1,2,1,1,0,0,441,0,1,442,0
156,29,0,151,438,1,0,1,3,0,3,4,2,1,2,1,636,0,6,642,0
157,22,0,140,261,1,1,1,1,1,0,3,3,1,2,3,440,0,9,449,0
158,30,1,149,314,1,0,0,0,0,2,5,0,0,1,0,503,0,2,505,0
159,15,2,130,386,7,0,0,2,1,1,0,1,10,6,1,562,0,2,564,0
160,63,3,169,294,4,4,0,1,2,0,2,1,13,7,3,566,0,7,573,0
161,48,0,132,270,4,0,0,1,0,0,0,1,0,1,2,459,0,3,462,0
162,58,3,278,255,2,0,0,3,0,0,3,1,2,4,1,610,0,2,612,0
163,39,2,180,328,4,0,0,1,2,1,5,0,2,8,0,572,0,6,578,0
164,35,1,138,404,2,1,0,0,0,2,1,1,9,7,2,603,0,7,610,0
165,48,0,295,479,4,0,0,2,4,3,1,3,5,0,3,847,0,7,854,0
166,36,2,198,436,4,1,0,4,1,0,1,0,9,2,1,695,0,8,703,0
167,59,2,141,364,1,0,0,1,1,1,0,1,0,0,0,571,0,7,578,0
168,65,3,198,544,2,0,2,1,2,0,3,1,8,5,0,834,0,6,840,0
169,19,3,141,208,2,1,0,5,1,0,1,2,1,5,1,390,0,2,392,0
170,93,2,210,387,6,4,2,0,0,2,1,3,7,8,3,728,0,12,740,0
171,15,2,124,687,3,2,0,3,3,1,4,4,10,3,1,862,0,11,873,0
172,20,0,103,696,5,1,3,1,4,2,4,7,18,3,2,869,0,7,876,0
173,70,10,940,30,1,0,1,5,2,2,2,2,7,44,3,1119,0,11,1130,0
174,67,4,557,213,1,1,0,1,2,0,2,1,7,17,1,874,0,5,879,0
175,18,1,98,584,4,1,0,1,2,2,5,6,18,5,1,746,0,5,751,0
176,29,2,583,88,2,1,0,0,1,0,2,1,4,28,1,742,0,10,752,0
177,58,2,461,32,2,0,1,1,0,0,1,1,1,18,0,578,0,2,580,0
178,                           .   47,3,221,429,11,1,0,3,0,1,3,2,8,3,0,732,0,6,738,0
179,42,0,155,322,3,1,0,2,1,2,0,1,3,3,0,535,0,3,538,0
180,53,4,193,397,5,0,1,1,1,1,1,2,7,9,2,677,0,6,683,0
181,51,1,118,306,0,0,0,0,2,1,2,1,3,12,1,498,0,4,502,0
182,96,5,222,556,2,1,0,1,1,0,5,3,4,11,1,908,0,8,916,0
183,72,4,277,435,4,2,0,0,1,5,2,2,10,7,6,827,0,9,836,0
184,27,6,201,450,5,0,1,1,2,0,3,7,3,10,2,718,0,5,723,0
185,27,5,90,262,4,1,0,0,2,2,1,6,3,2,0,405,0,6,411,0
186,41,6,369,401,3,2,1,2,1,2,2,4,7,16,2,859,0,6,865,0
187,62,3,237,320,1,1,0,0,0,0,3,2,2,5,1,637,0,8,645,0
188,81,0,176,300,0,1,0,0,1,0,4,1,0,0,0,564,0,3,567,0
189,28,1,92,206,3,0,0,1,0,0,1,1,1,0,0,334,0,5,339,0
190,52,0,234,293,0,0,0,2,1,0,1,1,0,2,1,587,0,4,591,0
191,34,0,155,329,3,0,0,2,0,0,3,0,3,3,2,534,0,4,538,0
192,59,0,203,393,2,1,0,1,3,1,1,0,4,3,1,672,0,6,678,0
193,63,1,230,545,2,0,1,0,3,2,4,2,5,1,4,863,0,8,871,0
194,74,3,213,421,0,1,0,3,1,0,3,2,1,1,0,723,0,13,736,0
195,74,1,176,321,1,1,2,1,0,0,3,0,0,1,0,581,0,2,583,0
196,54,1,193,302,0,1,0,0,1,1,4,1,0,0,0,558,0,5,563,0
197,66,2,229,369,0,0,2,2,1,0,3,0,1,5,2,682,0,12,694,0
198,97,1,150,317,0,0,0,0,2,0,1,0,1,2,0,571,0,10,581,0
199,70,1,93,211,1,0,0,4,0,1,3,0,0,1,0,385,0,7,392,0
200,43,4,163,453,5,1,2,1,1,0,3,2,11,15,3,707,0,5,712,0
201,49,3,150,695,5,3,1,1,4,1,11,2,28,11,4,968,0,10,978,0
202,35,1,158,493,4,2,0,1,4,2,9,3,23,10,5,750,0,8,758,0
203,26,3,175,491,4,2,2,1,4,4,3,5,13,15,6,754,0,8,762,0
204,16,2,148,409,2,1,1,2,2,1,4,5,14,10,3,620,0,7,627,0
205,18,3,332,305,8,1,0,3,0,2,2,2,3,2,0,681,0,5,686,0
206,13,5,185,399,5,3,1,0,1,2,1,2,10,13,3,643,0,7,650,0
207,53,6,813,56,                              ?'     7,1,3,0,0,2,3,0,2,6,0,952,0,3,955,0
208,20,3,317,131,2,1,1,0,0,0,5,6,4,8,10,508,0,7,515,0
209,42,4,392,46,2,3,3,1,2,1,3,1,4,8,4,516,0,5,521,0
210,17,                                  .  2,323,12,2,1,0,3,0,0,0,0,3,9,0,372,0,1,373,0
211,24,4,95,269,2,0,0,4,0,0,1,0,3,1,0,403,0,4,407,0
212,19,3,190,519,5,0,0,0,2,2,5,2,2,3,2,754,0,5,759,0
213,32,5,189,521,5,0,1,2,1,1,2,1,3,7,4,774,0,6,780,0
214,28,1,194,303,4,4,0,0,1,5,1,1,11,4,1,558,0,3,561,0
215,49,7,169,611,5,4,4,4,2,0,1,1,2,2,3,864,0,4,868,0
216,18,3,37,46,1,2,0,0,1,0,4,4,1,3,1,121,0,8,129,0
217,65,4,152,639,5,1,2,3,9,4,9,12,14,18,6,943,0,17,960,0
218,51,5,208,503,3,1,1,1,1,0,5,3,9,9,2,802,0,6,808,0
219,69,2,59,415,3,0,4,3,1,1,11,1,11,1,5,586,0,11,597,0
220,16,4,121,353,5,3,2,1,5,1,7,4,3,7,4,536,0,17,553,0
221,64,2,289,496,3,1,3,2,2,1,5,3,4,5,2,882,0,10,892,0
222,10,2,459,50,0,1,0,0,1,0,2,0,0,10,3,538,0,2,540,0
223,8,2,526,17,0,0,0,0,0,                               '  0,0,1,1,4,0,559,0,5,564,0
224,11,2,315,268,2,1,0,1,2,2,2,2,7,12,1,628,0,5,633,0
225,119,5,528,46,3,3,1,2,2,1,5,7,4,10,1,737,0,8,745,0
226,68,1,309,44,1,1,0,1,0,2,2,1,0,3,1,434,0,4,438,0
227,88,4,310,45,1,0,1,1,2,1,2,1,1,13,2,472,0,2,474,0
228,12,2,208,350,2,0,0,2,1,0,1,2,1,5,1,587,0,2,589,0
229,14,2,160,298,7,2,0,2,0,1,4,1,5,1,1,498,0,5,503,0
230,27,5,183,533,9,2,0,2,0,1,2,3,9,4,1,781,0,5,786,0
231,27,1,113,495,4,1,0,2,0,0,0,2,4,4,2,655,0,6,661,0
232,27,2,183,384,1,2,3,1,2,1,8,1,1,3,0,619,0,1,620,0
233,31,1,199,499,2,2,1,0,1,0,4,3,6,6,2,757,0,16,773,0
234,32,6,248,624,10,4,4,2,2,0,3,0,1,2,1,939,0,4,943,0
235,19,2,178,375,4,2,1,1,1,0,5,3,4,2,2,599,0,5,604,0
236,18,2,105,259,5,0,0,0,1,0,2,2,1,3,1,399,0,6,405,0
237,35,1,121,358,6,1,2,2,2,2,3,7,8,5,0,553,0,5,558,0
238,8,3,105,307,4,0,2,1,0,2,3,6,8,5,2,456,0,8,464,0
239,50,1,203,440,5,2,2,3,2,2,4,5,3,4,4,730,0,6,736,0
240,46,3,297,496,4,3,3,1,5,2,3,4,4,2,4,877,0,8,885,0
241,76,5,468,194,                                 ?  7,1,1,2,3,1,2,3,8,9,2,782,0,17,799,0
242,24,1,163,306,5,2,2,0,2,2,4,1,1,2,3,518,0,6,524,0
243,76,"                                    ,4",54,194,3,1,1,0,0,2,4,5,1,5,3,353,0,2,355,0
244,57,2,111,496,12,2,0,1,2,1,8,4,11,7,6,720,0,2,722,0
245,58,4,188,586,5,4,1,5,1,2,11,6,3,3,2,879,0,4,883,0
246,48,5,216,446,5,2,1,4,1,2,3,4,8,8,3,756,0,11,767,0
247,22,3,180,317,5,0,1,2,0,1,1,3,4,3,0,542,0,4,546,0
248,18,3,97,216,3,1,3,0,0,0,2,1,5,3,2,354,0,2,356,0
249,26,2,120,166,2,1,0,0,0,0,0,0,1,4,1,323,0,2,325,0
250,20,3,178,137,3,1,1,0,2,1,1,2,4,3,1,357,0,0,357,0
251,29,5,174,249,4,1,1,1,1,2,3,1,5,7,1,484,0,6,490,0
252,106,2,440,32,1,2,1,0,1,2,8,1,1,14,6,617,0,4,621,0
253,123,5,282,359,7,2,1,1,1,0,8,6,9,11,2,817,0,8,825,0
254,56,3,325,365,6,1,1,5,2,2,8,5,8,9,1,797,0,12,809,0
255,25,4,323,319,1,0,0,2,1,1,1,1,4,11,1,694,0,7,701,0
256,105,2,185,155,3,1,2,6,1,3,4,1,5,7,3,483,0,11,494,0
257,27,6,210,632,9,4,5,38,8,4,10,8,13,16,11,1001,0,25,1026,0
258,75,5,173,280,1,2,0,3,2,2,3,1,1,2,1,551,0,2,553,0
259,24,1,161,248,5,1,0,2,0,4,1,0,3,2,4,456,0,11,467,0
260,24,5,211,529,9,0,2,0,4,1,7,4,9,13,4,822,0,11,833,0
261,27,2,120,268,8,1,2,0,1,1,1,1,2,2,0,436,0,4,440,0
262,75,2,314,236,1,0,1,2,0,1,5,0,1,1,2,641,0,2,643,0
263,18,0,218,363,7,2,2,1,3,1,6,1,5,4,6,637,0,6,643,0
264,32,5,198,380,2,3,2,0,1,0,4,1,2,3,0,633,0,6,639,0
265,30,5,142,498,4,2,0,2,2,2,4,6,3,                            .   2,1,703,0,10,713,0
266,8,1,51,271,9,2,2,0,2,1,2,1,3,3,1,357,0,5,362,0
267,64,4,164,319,2,0,3,4,0,0,0,0,3,4,1,568,0,6,574,0
268,58,2,260,349,5,5,0,2,2,1,4,2,7,10,7,714,0,6,720,0
269,86,2,252,461,8,5,1,3,8,1,10,5,6,9,3,860,0,14,874,0
270,49,5,203,460,2,1,1,2,3,4,4,3,9,9,5,760,0,15,775,0
271,31,4,349,507,4,4,1,1,3,3,2,8,13,9,4,943,0,8,951,0
272,51,2,312,325,4,3,0,0,1,1,3,4,5,16,6,733,0,15,748,0
273,8,0,197,250,4,0,1,0,1,0,0,2,0,8,                                ?  1,                             .  472,0,4,476,0
274,16,3,171,606,9,                                   ?1,2,4,3,3,2,3,7,8,4,842,0,13,855,0
275,114,1,351,18,1,0,0,0,0,0,4,0,2,11,1,503,0,4,507,0
276,72,5,386,47,3,0,2,0,1,1,0,1,0,13,2,533,0,6,539,0
277,104,4,621,45,2,0,0,0,3,0,3,1,5,18,2,808,0,4,812,0
278,12,2,123,144,1,0,0,0,1,1,2,0,8,4,2,300,0,8,308,0
279,56,3,496,16,0,1,1,1,0,2,0,2,1,7,1,587,0,0,587,0
280,27,3,259,209,6,2,0,2,0,2,2,1,1,4,1,519,0,6,525,0
281,215,6,129,199,3,1,2,1,0,1,6,3,2,1,2,571,0,16,587,0
282,29,2,136,256,3,2,2,0,0,0,3,0,2,2,4,441,0,6,447,0
283,136,5,118,435,4,2,1,1,4,2,7,6,7,2,3,733,0,19,752,0
284,72,0,95,275,3,0,3,0,0,4,3,1,5,0,3,464,0,3,467,0
285,7,1,303,336,6,0,0,2,2,0,2,5,10,23,0,697,0,7,704,0
286,16,5,253,439,3,2,0,1,0,3,2,2,13,13,4,756,0,6,762,0
287,51,8,262,596,5,5,6,3,8,2,6,3,9,3,4,971,0,17,988,0
288,15,4,408,392,1,0,4,2,3,0,5,3,10,8,2,857,0,9,866,0
289,19,1,239,247,4,2,0,1,3,1,0,1,5,14,3,540,0,10,550,0
290,109,3,383,397,6,0,2,2,4,3,8,2,4,8,5,936,0,11,947,0
291,208,1,192,127,2,0,0,2,1,1,5,2,6,4,4,555,0,13,568,0
292,58,3,145,323,4,3,0,2,1,3,8,7,6,6,3,572,0,10,582,0
293,58,4,166,406,8,1,3,0,5,2,3,2,7,3,2,670,0,13,683,0
294,28,2,264,487,6,1,0,0,4,0,6,5,8,10,5,826,0,13,839,0
295,35,2,246,522,14,3,4,4,6,2,6,8,6,13,12,883,0,12,895,0
296,11,1,74,376,4,2,2,0,2,2,3,3,1,3,2,486,0,9,495,0
297,87,0,182,461,5,1,0,1,1,4,5,3,6,2,4,762,0,5,767,0
298,32,1,182,405,3,1,1,16,2,2,3,1,5,12,1,667,0,4,671,0
299,80,5,119,447,7,2,3,9,3,0,10,6,3,4,2,700,0,10,710,0
300,47,2,134,584,3,2,3,10,2,2,3,0,1,3,2,798,0,8,806,0
301,78,5,214,684,7,2,3,9,2,1,11,4,11,9,6,1046,0,8,1054,0
302,28,3,195,609,8,5,0,3,5,1,3,2,2,7,2,873,0,9,882,0
303,35,3,140,470,                             '     8,3,1,5,4,4,10,4,8,7,5,707,0,9,716,0
304,32,4,153,287,2,0,0,0,3,1,4,2,8,2,0,498,0,8,506,0
305,76,6,212,577,3,1,1,13,3,5,3,4,3,2,3,912,0,7,919,0
306,63,6,110,673,5,4,3,12,3,3,6,5,15,3,7,918,0,14,932,0
307,33,1,243,404,6,5,2,21,6,1,2,6,8,8,7,753,0,3,756,0
308,62,7,176,764,7,3,0,3,8,5,5,8,6,8,6,1068,0,14,1082,0
1,2,3,4,5,6,7,8,9,10,11,12,13,14,15,16,17,18,19,20,21
2,2,2,2,2,2,2,2,2,2,2,2,2,2,2,2,2,2,2,2,2
